# # k [h/Mpc]  P_LCDM [(Mpc/h)^3]  P_SRC [(Mpc/h)^3]  deltaP_over_P
# # z = 0.5
1.0422083430e-05 2.8673848744e+01 2.8673425950e+01 -1.4744949260e-05
1.5105061479e-02 1.4853072421e+04 1.4852813393e+04 -1.7439293152e-05
3.0199700874e-02 1.1911023701e+04 1.1910807781e+04 -1.8127746602e-05
4.5294340269e-02 8.1771520081e+03 8.1770024281e+03 -1.8292437367e-05
6.0388979665e-02 6.5791053193e+03 6.5789879988e+03 -1.7832297691e-05
7.5483619060e-02 5.3991049773e+03 5.3990115736e+03 -1.7299841143e-05
9.0578258455e-02 4.0065676906e+03 4.0064917794e+03 -1.8946701864e-05
1.0567289785e-01 3.0667667916e+03 3.0667113267e+03 -1.8085794010e-05
1.2076753725e-01 2.6689138631e+03 2.6688639910e+03 -1.8686283202e-05
1.3586217664e-01 2.3278095199e+03 2.3277685704e+03 -1.7591427132e-05
1.5095681604e-01 1.8788667059e+03 1.8788313255e+03 -1.8830725206e-05
1.6605145543e-01 1.5364350706e+03 1.5364079259e+03 -1.7667320925e-05
1.8114609483e-01 1.3678412293e+03 1.3678165288e+03 -1.8057955870e-05
1.9624073422e-01 1.2360203089e+03 1.2359984874e+03 -1.7654690353e-05
2.1133537362e-01 1.0619457629e+03 1.0619255027e+03 -1.9078303989e-05
2.2643001301e-01 9.0747195161e+02 9.0745328397e+02 -2.0571039253e-05
2.4152465241e-01 8.1267475588e+02 8.1265980612e+02 -1.8395735970e-05
2.5661929180e-01 7.4449882786e+02 7.4448464327e+02 -1.9052534716e-05
2.7171393120e-01 6.6693187020e+02 6.6691949690e+02 -1.8552572593e-05
2.8680857059e-01 5.8976256777e+02 5.8975187903e+02 -1.8123805478e-05
3.0190320999e-01 5.3269658644e+02 5.3268699978e+02 -1.7996463267e-05
3.1699784938e-01 4.9058109523e+02 4.9057320417e+02 -1.6085141611e-05
3.3209248878e-01 4.4940096199e+02 4.4939361943e+02 -1.6338550460e-05
3.4718712818e-01 4.0792944212e+02 4.0792235987e+02 -1.7361455548e-05
3.6228176757e-01 3.7269786768e+02 3.7269032278e+02 -2.0244014369e-05
3.7737640697e-01 3.4482781155e+02 3.4482138337e+02 -1.8641725080e-05
3.9247104636e-01 3.1962957031e+02 3.1962357373e+02 -1.8761022433e-05
4.0756568576e-01 2.9519583944e+02 2.9519051162e+02 -1.8048431157e-05
4.2266032515e-01 2.7298859065e+02 2.7298360028e+02 -1.8280530207e-05
4.3775496455e-01 2.5396146954e+02 2.5395710820e+02 -1.7173255294e-05
4.5284960394e-01 2.3718976589e+02 2.3718545190e+02 -1.8187920242e-05
4.6794424334e-01 2.2148445988e+02 2.2148029760e+02 -1.8792659189e-05
4.8303888273e-01 2.0684153529e+02 2.0683806203e+02 -1.6791924628e-05
4.9813352213e-01 1.9370388487e+02 1.9370046540e+02 -1.7653084940e-05
5.1322816152e-01 1.8196825790e+02 1.8196512620e+02 -1.7210162292e-05
5.2832280092e-01 1.7115474035e+02 1.7115159789e+02 -1.8360358647e-05
5.4341744031e-01 1.6104986142e+02 1.6104708943e+02 -1.7211982652e-05
5.5851207971e-01 1.5177394629e+02 1.5177126241e+02 -1.7683425653e-05
5.7360671910e-01 1.4353919909e+02 1.4353670247e+02 -1.7393304361e-05
5.8870135850e-01 1.3559565226e+02 1.3559329822e+02 -1.7360765177e-05
6.0379599789e-01 1.2851158327e+02 1.2850932109e+02 -1.7602953690e-05
6.1889063729e-01 1.2160534123e+02 1.2160319544e+02 -1.7645500046e-05
6.3398527669e-01 1.1554608393e+02 1.1554402817e+02 -1.7791726587e-05
6.4907991608e-01 1.0969567537e+02 1.0969374515e+02 -1.7596159960e-05
6.6417455548e-01 1.0428518103e+02 1.0428333107e+02 -1.7739454628e-05
6.7926919487e-01 9.9390111635e+01 9.9388366457e+01 -1.7558865485e-05
6.9436383427e-01 9.4495042241e+01 9.4493401848e+01 -1.7359566442e-05
7.0945847366e-01 9.0219139294e+01 9.0217550520e+01 -1.7610168489e-05
7.2455311306e-01 8.6249394841e+01 8.6247894190e+01 -1.7398971952e-05
7.3964775245e-01 8.2279650387e+01 8.2278237860e+01 -1.7167396227e-05
7.5474239185e-01 7.8479964823e+01 7.8478584517e+01 -1.7587995674e-05
7.6983703124e-01 7.5389269605e+01 7.5387952207e+01 -1.7474604397e-05
7.8493167064e-01 7.2298574387e+01 7.2297319897e+01 -1.7351518383e-05
8.0002631003e-01 6.9207879169e+01 6.9206687586e+01 -1.7217438783e-05
8.1512094943e-01 6.6117183951e+01 6.6116055276e+01 -1.7070823889e-05
8.3021558882e-01 6.3523599382e+01 6.3522459011e+01 -1.7951933846e-05
8.4531022822e-01 6.1280347092e+01 6.1279257782e+01 -1.7775841634e-05
8.6040486761e-01 5.9037094802e+01 5.9036056553e+01 -1.7586367352e-05
8.7549950701e-01 5.6793842511e+01 5.6792855325e+01 -1.7381925299e-05
8.9059414641e-01 5.4550590221e+01 5.4549654096e+01 -1.7160668942e-05
9.0568878580e-01 5.2307337930e+01 5.2306452867e+01 -1.6920434987e-05
9.2078342520e-01 5.0064085640e+01 5.0063251639e+01 -1.6658672411e-05
9.3587806459e-01 4.8555840109e+01 4.8554948677e+01 -1.8358901866e-05
9.5097270399e-01 4.7106237364e+01 4.7105383496e+01 -1.8126418629e-05
9.6606734338e-01 4.5656634618e+01 4.5655818315e+01 -1.7879172659e-05
9.8116198278e-01 4.4207031873e+01 4.4206253135e+01 -1.7615711692e-05
9.9625662217e-01 4.2757429128e+01 4.2756687954e+01 -1.7334386521e-05
1.0113512616e+00 4.1307826382e+01 4.1307122773e+01 -1.7033316435e-05
1.0264459010e+00 3.9858223637e+01 3.9857557592e+01 -1.6710347128e-05
1.0415405404e+00 3.8408620892e+01 3.8407992412e+01 -1.6362999066e-05
1.0566351798e+00 3.6959018146e+01 3.6958427231e+01 -1.5988403705e-05
1.0717298191e+00 3.5509415401e+01 3.5508862050e+01 -1.5583224091e-05
1.0868244585e+00 3.4284135504e+01 3.4283485972e+01 -1.8945549096e-05
1.1019190979e+00 3.3483535171e+01 3.3482907343e+01 -1.8750357177e-05
1.1170137373e+00 3.2682934838e+01 3.2682328713e+01 -1.8545602427e-05
1.1321083767e+00 3.1882334505e+01 3.1881750084e+01 -1.8330564444e-05
1.1472030161e+00 3.1081734172e+01 3.1081171455e+01 -1.8104448606e-05
1.1622976555e+00 3.0281133839e+01 3.0280592825e+01 -1.7866376253e-05
1.1773922949e+00 2.9480533507e+01 2.9480014196e+01 -1.7615373279e-05
1.1924869343e+00 2.8679933174e+01 2.8679435567e+01 -1.7350356809e-05
1.2075815737e+00 2.7879332841e+01 2.7878856937e+01 -1.7070119582e-05
1.2226762131e+00 2.7078732508e+01 2.7078278308e+01 -1.6773311563e-05
1.2377708525e+00 2.6278132175e+01 2.6277699679e+01 -1.6458418195e-05
1.2528654919e+00 2.5477531842e+01 2.5477121049e+01 -1.6123734547e-05
1.2679601313e+00 2.4676931509e+01 2.4676542420e+01 -1.5767334437e-05
1.2830547707e+00 2.3876331177e+01 2.3875963791e+01 -1.5387033330e-05
1.2981494101e+00 2.3075730844e+01 2.3075385161e+01 -1.4980343530e-05
1.3132440495e+00 2.2275130511e+01 2.2274806532e+01 -1.4544419694e-05
1.3283386889e+00 2.1474530178e+01 2.1474227903e+01 -1.4075992164e-05
1.3434333283e+00 2.0920505845e+01 2.0920097885e+01 -1.9500469542e-05
1.3585279677e+00 2.0529848259e+01 2.0529450355e+01 -1.9381765113e-05
1.3736226071e+00 2.0139190674e+01 2.0138802824e+01 -1.9258455455e-05
1.3887172464e+00 1.9748533088e+01 1.9748155293e+01 -1.9130267274e-05
1.4038118858e+00 1.9357875502e+01 1.9357507762e+01 -1.8996905209e-05
1.4189065252e+00 1.8967217916e+01 1.8966860232e+01 -1.8858049572e-05
1.4340011646e+00 1.8576560331e+01 1.8576212701e+01 -1.8713353778e-05
1.4490958040e+00 1.8185902745e+01 1.8185565170e+01 -1.8562441464e-05
1.4641904434e+00 1.7795245159e+01 1.7794917640e+01 -1.8404903219e-05
1.4792850828e+00 1.7404587574e+01 1.7404270109e+01 -1.8240292872e-05
1.4943797222e+00 1.7013929988e+01 1.7013622578e+01 -1.8068123273e-05
1.5094743616e+00 1.6623272402e+01 1.6622975047e+01 -1.7887861483e-05
1.5245690010e+00 1.6232614816e+01 1.6232327517e+01 -1.7698923255e-05
1.5396636404e+00 1.5841957231e+01 1.5841679986e+01 -1.7500666714e-05
1.5547582798e+00 1.5451299645e+01 1.5451032455e+01 -1.7292385072e-05
1.5698529192e+00 1.5060642059e+01 1.5060384924e+01 -1.7073298207e-05
1.5849475586e+00 1.4669984474e+01 1.4669737394e+01 -1.6842542897e-05
1.6000421980e+00 1.4279326888e+01 1.4279089863e+01 -1.6599161459e-05
1.6151368374e+00 1.3888669302e+01 1.3888442332e+01 -1.6342088456e-05
1.6302314768e+00 1.3498011716e+01 1.3497794802e+01 -1.6070135111e-05
1.6453261162e+00 1.3107354131e+01 1.3107147271e+01 -1.5781970921e-05
1.6604207556e+00 1.2716696545e+01 1.2716499740e+01 -1.5476101893e-05
1.6755153950e+00 1.2326038959e+01 1.2325852209e+01 -1.5150844633e-05
1.6906100344e+00 1.2115252506e+01 1.2114993404e+01 -2.1386380952e-05
1.7057046738e+00 1.1933170218e+01 1.1932916787e+01 -2.1237491078e-05
1.7207993131e+00 1.1751087930e+01 1.1750840170e+01 -2.1083987127e-05
1.7358939525e+00 1.1569005642e+01 1.1568763553e+01 -2.0925651240e-05
1.7509885919e+00 1.1386923354e+01 1.1386686936e+01 -2.0762251622e-05
1.7660832313e+00 1.1204841066e+01 1.1204610319e+01 -2.0593541411e-05
1.7811778707e+00 1.1022758778e+01 1.1022533702e+01 -2.0419257433e-05
1.7962725101e+00 1.0840676491e+01 1.0840457085e+01 -2.0239118834e-05
1.8113671495e+00 1.0658594203e+01 1.0658380468e+01 -2.0052825568e-05
1.8264617889e+00 1.0476511915e+01 1.0476303851e+01 -1.9860056731e-05
1.8415564283e+00 1.0294429627e+01 1.0294227234e+01 -1.9660468712e-05
1.8566510677e+00 1.0112347339e+01 1.0112150616e+01 -1.9453693154e-05
1.8717457071e+00 9.9302650511e+00 9.9300739994e+00 -1.9239334684e-05
1.8868403465e+00 9.7481827632e+00 9.7479973823e+00 -1.9016968387e-05
1.9019349859e+00 9.5661004753e+00 9.5659207652e+00 -1.8786136997e-05
1.9170296253e+00 9.3840181874e+00 9.3838441481e+00 -1.8546347758e-05
1.9321242647e+00 9.2019358995e+00 9.2017675310e+00 -1.8297068913e-05
1.9472189041e+00 9.0198536116e+00 9.0196909140e+00 -1.8037725767e-05
1.9623135435e+00 8.8377713237e+00 8.8376142969e+00 -1.7767696263e-05
1.9774081829e+00 8.6556890358e+00 8.6555376798e+00 -1.7486306002e-05
1.9925028223e+00 8.4736067479e+00 8.4734610627e+00 -1.7192822618e-05
2.0075974617e+00 8.2915244600e+00 8.2913844456e+00 -1.6886449415e-05
2.0226921011e+00 8.1094421721e+00 8.1093078285e+00 -1.6566318143e-05
2.0377867404e+00 7.9273598842e+00 7.9272312115e+00 -1.6231480781e-05
2.0528813798e+00 7.7452775964e+00 7.7451545944e+00 -1.5880900160e-05
2.0679760192e+00 7.5631953085e+00 7.5630779773e+00 -1.5513439235e-05
2.0830706586e+00 7.3811130206e+00 7.3810013602e+00 -1.5127848760e-05
2.0981652980e+00 7.1990307327e+00 7.1989247431e+00 -1.4722753105e-05
2.1132599374e+00 7.0256408907e+00 7.0254936277e+00 -2.0960788959e-05
2.1283545768e+00 6.9418495050e+00 6.9417047400e+00 -2.0853950053e-05
2.1434492162e+00 6.8580581194e+00 6.8579158524e+00 -2.0744500443e-05
2.1585438556e+00 6.7742667338e+00 6.7741269648e+00 -2.0632343253e-05
2.1736384950e+00 6.6904753481e+00 6.6903380771e+00 -2.0517376754e-05
2.1887331344e+00 6.6066839625e+00 6.6065491895e+00 -2.0399494056e-05
2.2038277738e+00 6.5228925769e+00 6.5227603018e+00 -2.0278582777e-05
2.2189224132e+00 6.4391011912e+00 6.4389714142e+00 -2.0154524684e-05
2.2340170526e+00 6.3553098056e+00 6.3551825266e+00 -2.0027195312e-05
2.2491116920e+00 6.2715184200e+00 6.2713936389e+00 -1.9896463541e-05
2.2642063314e+00 6.1877270343e+00 6.1876047513e+00 -1.9762191149e-05
2.2793009708e+00 6.1039356487e+00 6.1038158636e+00 -1.9624232326e-05
2.2943956102e+00 6.0201442630e+00 6.0200269760e+00 -1.9482433142e-05
2.3094902496e+00 5.9363528774e+00 5.9362380883e+00 -1.9336630979e-05
2.3245848890e+00 5.8525614918e+00 5.8524492007e+00 -1.9186653904e-05
2.3396795284e+00 5.7687701061e+00 5.7686603131e+00 -1.9032319995e-05
2.3547741677e+00 5.6849787205e+00 5.6848714254e+00 -1.8873436604e-05
2.3698688071e+00 5.6011873349e+00 5.6010825378e+00 -1.8709799558e-05
2.3849634465e+00 5.5173959492e+00 5.5172936501e+00 -1.8541192277e-05
2.4000580859e+00 5.4336045636e+00 5.4335047625e+00 -1.8367384824e-05
2.4151527253e+00 5.3498131780e+00 5.3497158749e+00 -1.8188132858e-05
2.4302473647e+00 5.2660217923e+00 5.2659269872e+00 -1.8003176482e-05
2.4453420041e+00 5.1822304067e+00 5.1821380996e+00 -1.7812238994e-05
2.4604366435e+00 5.0984390211e+00 5.0983492119e+00 -1.7615025501e-05
2.4755312829e+00 5.0146476354e+00 5.0145603243e+00 -1.7411221398e-05
2.4906259223e+00 4.9308562498e+00 4.9307714367e+00 -1.7200490697e-05
2.5057205617e+00 4.8470648642e+00 4.8469825490e+00 -1.6982474178e-05
2.5208152011e+00 4.7632734785e+00 4.7631936614e+00 -1.6756787343e-05
2.5359098405e+00 4.6794820929e+00 4.6794047737e+00 -1.6523018155e-05
2.5510044799e+00 4.5956907073e+00 4.5956158861e+00 -1.6280724528e-05
2.5660991193e+00 4.5118993216e+00 4.5118269984e+00 -1.6029431533e-05
2.5811937587e+00 4.4281079360e+00 4.4280381108e+00 -1.5768628297e-05
2.5962883981e+00 4.3443165504e+00 4.3442492232e+00 -1.5497764531e-05
2.6113830375e+00 4.2605251647e+00 4.2604603355e+00 -1.5216246655e-05
2.6264776769e+00 4.1767337791e+00 4.1766714479e+00 -1.4923433459e-05
2.6415723163e+00 4.0929423935e+00 4.0928825602e+00 -1.4618631223e-05
2.6566669557e+00 4.0091510078e+00 4.0090936726e+00 -1.4301088235e-05
2.6717615950e+00 3.9646423758e+00 3.9645591569e+00 -2.0990260429e-05
2.6868562344e+00 3.9264434462e+00 3.9263614115e+00 -2.0892886781e-05
2.7019508738e+00 3.8882445167e+00 3.8881636661e+00 -2.0793599893e-05
2.7170455132e+00 3.8500455871e+00 3.8499659206e+00 -2.0692342820e-05
2.7321401526e+00 3.8118466576e+00 3.8117681752e+00 -2.0589056331e-05
2.7472347920e+00 3.7736477280e+00 3.7735704298e+00 -2.0483678796e-05
2.7623294314e+00 3.7354487984e+00 3.7353726844e+00 -2.0376146068e-05
2.7774240708e+00 3.6972498689e+00 3.6971749390e+00 -2.0266391344e-05
2.7925187102e+00 3.6590509393e+00 3.6589771936e+00 -2.0154345036e-05
2.8076133496e+00 3.6208520098e+00 3.6207794481e+00 -2.0039934616e-05
2.8227079890e+00 3.5826530802e+00 3.5825817027e+00 -1.9923084465e-05
2.8378026284e+00 3.5444541507e+00 3.5443839573e+00 -1.9803715702e-05
2.8528972678e+00 3.5062552211e+00 3.5061862119e+00 -1.9681746012e-05
2.8679919072e+00 3.4680562916e+00 3.4679884665e+00 -1.9557089449e-05
2.8830865466e+00 3.4298573620e+00 3.4297907211e+00 -1.9429656242e-05
2.8981811860e+00 3.3916584325e+00 3.3915929757e+00 -1.9299352574e-05
2.9132758254e+00 3.3534595029e+00 3.3533952302e+00 -1.9166080353e-05
2.9283704648e+00 3.3152605734e+00 3.3151974848e+00 -1.9029736967e-05
2.9434651042e+00 3.2770616438e+00 3.2769997394e+00 -1.8890215020e-05
2.9585597436e+00 3.2388627143e+00 3.2388019940e+00 -1.8747402047e-05
2.9736543830e+00 3.2006637847e+00 3.2006042486e+00 -1.8601180217e-05
2.9887490224e+00 3.1624648551e+00 3.1624065032e+00 -1.8451426005e-05
3.0038436617e+00 3.1242659256e+00 3.1242087577e+00 -1.8298009845e-05
3.0189383011e+00 3.0860669960e+00 3.0860110123e+00 -1.8140795754e-05
3.0340329405e+00 3.0478680665e+00 3.0478132669e+00 -1.7979640935e-05
3.0491275799e+00 3.0096691369e+00 3.0096155215e+00 -1.7814395340e-05
3.0642222193e+00 2.9714702074e+00 2.9714177761e+00 -1.7644901205e-05
3.0793168587e+00 2.9332712778e+00 2.9332200307e+00 -1.7470992548e-05
3.0944114981e+00 2.8950723483e+00 2.8950222852e+00 -1.7292494629e-05
3.1095061375e+00 2.8568734187e+00 2.8568245398e+00 -1.7109223358e-05
3.1246007769e+00 2.8186744892e+00 2.8186267944e+00 -1.6920984670e-05
3.1396954163e+00 2.7804755596e+00 2.7804290490e+00 -1.6727573834e-05
3.1547900557e+00 2.7422766301e+00 2.7422313036e+00 -1.6528774710e-05
3.1698846951e+00 2.7040777005e+00 2.7040335582e+00 -1.6324358948e-05
3.1849793345e+00 2.6658787710e+00 2.6658358128e+00 -1.6114085107e-05
3.2000739739e+00 2.6276798414e+00 2.6276380673e+00 -1.5897697710e-05
3.2151686133e+00 2.5894809118e+00 2.5894403219e+00 -1.5674926201e-05
3.2302632527e+00 2.5512819823e+00 2.5512425765e+00 -1.5445483823e-05
3.2453578921e+00 2.5130830527e+00 2.5130448311e+00 -1.5209066385e-05
3.2604525315e+00 2.4748841232e+00 2.4748470857e+00 -1.4965350914e-05
3.2755471709e+00 2.4366851936e+00 2.4366493403e+00 -1.4713994185e-05
3.2906418103e+00 2.3984862641e+00 2.3984515948e+00 -1.4454631108e-05
3.3057364497e+00 2.3602873345e+00 2.3602538494e+00 -1.4186872958e-05
3.3208310890e+00 2.3220884050e+00 2.3220561040e+00 -1.3910305433e-05
3.3359257284e+00 2.2838894754e+00 2.2838583586e+00 -1.3624486510e-05
3.3510203678e+00 2.2510218823e+00 2.2509760237e+00 -2.0372354976e-05
3.3661150072e+00 2.2337530070e+00 2.2337076355e+00 -2.0311794323e-05
3.3812096466e+00 2.2164841317e+00 2.2164392472e+00 -2.0250290000e-05
3.3963042860e+00 2.1992152563e+00 2.1991708590e+00 -2.0187819778e-05
3.4113989254e+00 2.1819463810e+00 2.1819024707e+00 -2.0124360723e-05
3.4264935648e+00 2.1646775057e+00 2.1646340825e+00 -2.0059889169e-05
3.4415882042e+00 2.1474086304e+00 2.1473656943e+00 -1.9994380690e-05
3.4566828436e+00 2.1301397550e+00 2.1300973060e+00 -1.9927810066e-05
3.4717774830e+00 2.1128708797e+00 2.1128289178e+00 -1.9860151255e-05
3.4868721224e+00 2.0956020044e+00 2.0955605295e+00 -1.9791377355e-05
3.5019667618e+00 2.0783331291e+00 2.0782921413e+00 -1.9721460570e-05
3.5170614012e+00 2.0610642537e+00 2.0610237531e+00 -1.9650372172e-05
3.5321560406e+00 2.0437953784e+00 2.0437553648e+00 -1.9578082463e-05
3.5472506800e+00 2.0265265031e+00 2.0264869766e+00 -1.9504560734e-05
3.5623453194e+00 2.0092576278e+00 2.0092185883e+00 -1.9429775216e-05
3.5774399588e+00 1.9919887524e+00 1.9919502001e+00 -1.9353693043e-05
3.5925345982e+00 1.9747198771e+00 1.9746818119e+00 -1.9276280197e-05
3.6076292376e+00 1.9574510018e+00 1.9574134236e+00 -1.9197501459e-05
3.6227238770e+00 1.9401821265e+00 1.9401450354e+00 -1.9117320357e-05
3.6378185163e+00 1.9229132511e+00 1.9228766471e+00 -1.9035699110e-05
3.6529131557e+00 1.9056443758e+00 1.9056082589e+00 -1.8952598566e-05
3.6680077951e+00 1.8883755005e+00 1.8883398706e+00 -1.8867978141e-05
3.6831024345e+00 1.8711066252e+00 1.8710714824e+00 -1.8781795754e-05
3.6981970739e+00 1.8538377498e+00 1.8538030942e+00 -1.8694007753e-05
3.7132917133e+00 1.8365688745e+00 1.8365347059e+00 -1.8604568848e-05
3.7283863527e+00 1.8192999992e+00 1.8192663177e+00 -1.8513432026e-05
3.7434809921e+00 1.8020311238e+00 1.8019979294e+00 -1.8420548475e-05
3.7585756315e+00 1.7847622485e+00 1.7847295412e+00 -1.8325867492e-05
3.7736702709e+00 1.7674933732e+00 1.7674611530e+00 -1.8229336393e-05
3.7887649103e+00 1.7502244979e+00 1.7501927647e+00 -1.8130900414e-05
3.8038595497e+00 1.7329556225e+00 1.7329243765e+00 -1.8030502609e-05
3.8189541891e+00 1.7156867472e+00 1.7156559882e+00 -1.7928083740e-05
3.8340488285e+00 1.6984178719e+00 1.6983876000e+00 -1.7823582157e-05
3.8491434679e+00 1.6811489966e+00 1.6811192118e+00 -1.7716933679e-05
3.8642381073e+00 1.6638801212e+00 1.6638508235e+00 -1.7608071462e-05
3.8793327467e+00 1.6466112459e+00 1.6465824353e+00 -1.7496925853e-05
3.8944273861e+00 1.6293423706e+00 1.6293140470e+00 -1.7383424252e-05
3.9095220255e+00 1.6120734953e+00 1.6120456588e+00 -1.7267490944e-05
3.9246166649e+00 1.5948046199e+00 1.5947772706e+00 -1.7149046936e-05
3.9397113043e+00 1.5775357446e+00 1.5775088823e+00 -1.7028009777e-05
3.9548059436e+00 1.5602668693e+00 1.5602404941e+00 -1.6904293363e-05
3.9699005830e+00 1.5429979940e+00 1.5429721058e+00 -1.6777807739e-05
3.9849952224e+00 1.5257291186e+00 1.5257037176e+00 -1.6648458875e-05
4.0000898618e+00 1.5084602433e+00 1.5084353294e+00 -1.6516148435e-05
4.0151845012e+00 1.4911913680e+00 1.4911669411e+00 -1.6380773529e-05
4.0302791406e+00 1.4739224927e+00 1.4738985529e+00 -1.6242226445e-05
4.0453737800e+00 1.4566536173e+00 1.4566301646e+00 -1.6100394363e-05
4.0604684194e+00 1.4393847420e+00 1.4393617764e+00 -1.5955159048e-05
4.0755630588e+00 1.4221158667e+00 1.4220933882e+00 -1.5806396524e-05
4.0906576982e+00 1.4048469914e+00 1.4048249999e+00 -1.5653976716e-05
4.1057523376e+00 1.3875781160e+00 1.3875566117e+00 -1.5497763077e-05
4.1208469770e+00 1.3703092407e+00 1.3702882234e+00 -1.5337612175e-05
4.1359416164e+00 1.3530403654e+00 1.3530198352e+00 -1.5173373257e-05
4.1510362558e+00 1.3357714901e+00 1.3357514470e+00 -1.5004887771e-05
4.1661308952e+00 1.3185026147e+00 1.3184830587e+00 -1.4831988863e-05
4.1812255346e+00 1.3012337394e+00 1.3012146705e+00 -1.4654500817e-05
4.1963201740e+00 1.2839648641e+00 1.2839462822e+00 -1.4472238469e-05
4.2114148134e+00 1.2666959888e+00 1.2666778940e+00 -1.4285006553e-05
4.2265094528e+00 1.2574167554e+00 1.2573899242e+00 -2.1338356515e-05
4.2416040922e+00 1.2496700680e+00 1.2496434812e+00 -2.1274988868e-05
4.2566987316e+00 1.2419233805e+00 1.2418970383e+00 -2.1210830689e-05
4.2717933710e+00 1.2341766931e+00 1.2341505953e+00 -2.1145867094e-05
4.2868880103e+00 1.2264300056e+00 1.2264041524e+00 -2.1080082819e-05
4.3019826497e+00 1.2186833182e+00 1.2186577094e+00 -2.1013462215e-05
4.3170772891e+00 1.2109366307e+00 1.2109112665e+00 -2.0945989232e-05
4.3321719285e+00 1.2031899433e+00 1.2031648235e+00 -2.0877647404e-05
4.3472665679e+00 1.1954432558e+00 1.1954183805e+00 -2.0808419842e-05
4.3623612073e+00 1.1876965684e+00 1.1876719376e+00 -2.0738289214e-05
4.3774558467e+00 1.1799498809e+00 1.1799254946e+00 -2.0667237733e-05
4.3925504861e+00 1.1722031935e+00 1.1721790517e+00 -2.0595247143e-05
4.4076451255e+00 1.1644565060e+00 1.1644326087e+00 -2.0522298700e-05
4.4227397649e+00 1.1567098186e+00 1.1566861658e+00 -2.0448373160e-05
4.4378344043e+00 1.1489631311e+00 1.1489397228e+00 -2.0373450760e-05
4.4529290437e+00 1.1412164437e+00 1.1411932798e+00 -2.0297511198e-05
4.4680236831e+00 1.1334697562e+00 1.1334468369e+00 -2.0220533621e-05
4.4831183225e+00 1.1257230688e+00 1.1257003939e+00 -2.0142496598e-05
4.4982129619e+00 1.1179763814e+00 1.1179539510e+00 -2.0063378105e-05
4.5133076013e+00 1.1102296939e+00 1.1102075080e+00 -1.9983155506e-05
4.5284022407e+00 1.1024830065e+00 1.1024610651e+00 -1.9901805525e-05
4.5434968801e+00 1.0947363190e+00 1.0947146221e+00 -1.9819304230e-05
4.5585915195e+00 1.0869896316e+00 1.0869681791e+00 -1.9735627005e-05
4.5736861589e+00 1.0792429441e+00 1.0792217362e+00 -1.9650748528e-05
4.5887807983e+00 1.0714962567e+00 1.0714752932e+00 -1.9564642745e-05
4.6038754376e+00 1.0637495692e+00 1.0637288503e+00 -1.9477282842e-05
4.6189700770e+00 1.0560028818e+00 1.0559824073e+00 -1.9388641220e-05
4.6340647164e+00 1.0482561943e+00 1.0482359644e+00 -1.9298689461e-05
4.6491593558e+00 1.0405095069e+00 1.0404895214e+00 -1.9207398305e-05
4.6642539952e+00 1.0327628194e+00 1.0327430785e+00 -1.9114737611e-05
4.6793486346e+00 1.0250161320e+00 1.0249966355e+00 -1.9020676327e-05
4.6944432740e+00 1.0172694445e+00 1.0172501925e+00 -1.8925182456e-05
4.7095379134e+00 1.0095227571e+00 1.0095037496e+00 -1.8828223019e-05
4.7246325528e+00 1.0017760697e+00 1.0017573066e+00 -1.8729764017e-05
4.7397271922e+00 9.9402938221e-01 9.9401086367e-01 -1.8629770390e-05
4.7548218316e+00 9.8628269476e-01 9.8626442071e-01 -1.8528205977e-05
4.7699164710e+00 9.7853600731e-01 9.7851797776e-01 -1.8425033472e-05
4.7850111104e+00 9.7078931987e-01 9.7077153480e-01 -1.8320214380e-05
4.8001057498e+00 9.6304263242e-01 9.6302509184e-01 -1.8213708963e-05
4.8152003892e+00 9.5529594497e-01 9.5527864889e-01 -1.8105476199e-05
4.8302950286e+00 9.4754925753e-01 9.4753220593e-01 -1.7995473721e-05
4.8453896680e+00 9.3980257008e-01 9.3978576297e-01 -1.7883657767e-05
4.8604843074e+00 9.3205588263e-01 9.3203932002e-01 -1.7769983120e-05
4.8755789468e+00 9.2430919519e-01 9.2429287706e-01 -1.7654403045e-05
4.8906735862e+00 9.1656250774e-01 9.1654643410e-01 -1.7536869229e-05
4.9057682256e+00 9.0881582029e-01 9.0879999115e-01 -1.7417331712e-05
4.9208628649e+00 9.0106913285e-01 9.0105354819e-01 -1.7295738815e-05
4.9359575043e+00 8.9332244540e-01 8.9330710523e-01 -1.7172037066e-05
4.9510521437e+00 8.8557575795e-01 8.8556066228e-01 -1.7046171124e-05
4.9661467831e+00 8.7782907051e-01 8.7781421932e-01 -1.6918083692e-05
4.9812414225e+00 8.7008238306e-01 8.7006777636e-01 -1.6787715434e-05
4.9963360619e+00 8.6233569561e-01 8.6232133341e-01 -1.6655004881e-05
5.0114307013e+00 8.5458900817e-01 8.5457489045e-01 -1.6519888336e-05
5.0265253407e+00 8.4684232072e-01 8.4682844749e-01 -1.6382299771e-05
5.0416199801e+00 8.3909563327e-01 8.3908200454e-01 -1.6242170719e-05
5.0567146195e+00 8.3134894582e-01 8.3133556158e-01 -1.6099430163e-05
5.0718092589e+00 8.2360225838e-01 8.2358911862e-01 -1.5954004411e-05
5.0869038983e+00 8.1585557093e-01 8.1584267567e-01 -1.5805816974e-05
5.1019985377e+00 8.0810888348e-01 8.0809623271e-01 -1.5654788431e-05
5.1170931771e+00 8.0036219604e-01 8.0034978975e-01 -1.5500836284e-05
5.1321878165e+00 7.9261550859e-01 7.9260334680e-01 -1.5343874812e-05
5.1472824559e+00 7.8486882114e-01 7.8485690384e-01 -1.5183814907e-05
5.1623770953e+00 7.7712213370e-01 7.7711046088e-01 -1.5020563910e-05
5.1774717347e+00 7.6937544625e-01 7.6936401793e-01 -1.4854025430e-05
5.1925663741e+00 7.6162875880e-01 7.6161757497e-01 -1.4684099154e-05
5.2076610135e+00 7.5388207136e-01 7.5387113201e-01 -1.4510680645e-05
5.2227556529e+00 7.4613538391e-01 7.4612468906e-01 -1.4333661130e-05
5.2378502922e+00 7.3838869646e-01 7.3837824610e-01 -1.4152927271e-05
5.2529449316e+00 7.3064200902e-01 7.3063180315e-01 -1.3968360923e-05
5.2680395710e+00 7.2289532157e-01 7.2288536019e-01 -1.3779838877e-05
5.2831342104e+00 7.1514863412e-01 7.1513891723e-01 -1.3587232585e-05
5.2982288498e+00 7.0740194668e-01 7.0739247428e-01 -1.3390407869e-05
5.3133234892e+00 7.0204765058e-01 7.0203322075e-01 -2.0553910871e-05
5.3284181286e+00 6.9859599278e-01 6.9858166381e-01 -2.0511101259e-05
5.3435127680e+00 6.9514433499e-01 6.9513010687e-01 -2.0467866515e-05
5.3586074074e+00 6.9169267719e-01 6.9167854993e-01 -2.0424200274e-05
5.3737020468e+00 6.8824101940e-01 6.8822699298e-01 -2.0380096045e-05
5.3887966862e+00 6.8478936161e-01 6.8477543604e-01 -2.0335547203e-05
5.4038913256e+00 6.8133770381e-01 6.8132387910e-01 -2.0290546993e-05
5.4189859650e+00 6.7788604602e-01 6.7787232216e-01 -2.0245088518e-05
5.4340806044e+00 6.7443438823e-01 6.7442076522e-01 -2.0199164744e-05
5.4491752438e+00 6.7098273043e-01 6.7096920828e-01 -2.0152768490e-05
5.4642698832e+00 6.6753107264e-01 6.6751765133e-01 -2.0105892425e-05
5.4793645226e+00 6.6407941485e-01 6.6406609439e-01 -2.0058529069e-05
5.4944591620e+00 6.6062775705e-01 6.6061453745e-01 -2.0010670783e-05
5.5095538014e+00 6.5717609926e-01 6.5716298051e-01 -1.9962309770e-05
5.5246484408e+00 6.5372444147e-01 6.5371142357e-01 -1.9913438065e-05
5.5397430802e+00 6.5027278367e-01 6.5025986663e-01 -1.9864047537e-05
5.5548377195e+00 6.4682112588e-01 6.4680830968e-01 -1.9814129879e-05
5.5699323589e+00 6.4336946809e-01 6.4335675274e-01 -1.9763676608e-05
5.5850269983e+00 6.3991781029e-01 6.3990519580e-01 -1.9712679056e-05
5.6001216377e+00 6.3646615250e-01 6.3645363886e-01 -1.9661128369e-05
5.6152162771e+00 6.3301449471e-01 6.3300208192e-01 -1.9609015497e-05
5.6303109165e+00 6.2956283691e-01 6.2955052498e-01 -1.9556331195e-05
5.6454055559e+00 6.2611117912e-01 6.2609896803e-01 -1.9503066011e-05
5.6605001953e+00 6.2265952133e-01 6.2264741109e-01 -1.9449210285e-05
5.6755948347e+00 6.1920786353e-01 6.1919585415e-01 -1.9394754143e-05
5.6906894741e+00 6.1575620574e-01 6.1574429721e-01 -1.9339687486e-05
5.7057841135e+00 6.1230454795e-01 6.1229274027e-01 -1.9283999990e-05
5.7208787529e+00 6.0885289015e-01 6.0884118333e-01 -1.9227681096e-05
5.7359733923e+00 6.0540123236e-01 6.0538962638e-01 -1.9170720005e-05
5.7510680317e+00 6.0194957457e-01 6.0193806944e-01 -1.9113105669e-05
5.7661626711e+00 5.9849791677e-01 5.9848651250e-01 -1.9054826786e-05
5.7812573105e+00 5.9504625898e-01 5.9503495556e-01 -1.8995871792e-05
5.7963519499e+00 5.9159460119e-01 5.9158339862e-01 -1.8936228853e-05
5.8114465893e+00 5.8814294339e-01 5.8813184168e-01 -1.8875885855e-05
5.8265412287e+00 5.8469128560e-01 5.8468028473e-01 -1.8814830402e-05
5.8416358681e+00 5.8123962781e-01 5.8122872779e-01 -1.8753049800e-05
5.8567305075e+00 5.7778797001e-01 5.7777717085e-01 -1.8690531053e-05
5.8718251469e+00 5.7433631222e-01 5.7432561391e-01 -1.8627260854e-05
5.8869197862e+00 5.7088465443e-01 5.7087405697e-01 -1.8563225572e-05
5.9020144256e+00 5.6743299663e-01 5.6742250003e-01 -1.8498411245e-05
5.9171090650e+00 5.6398133884e-01 5.6397094308e-01 -1.8432803569e-05
5.9322037044e+00 5.6052968105e-01 5.6051938614e-01 -1.8366387890e-05
5.9472983438e+00 5.5707802325e-01 5.5706782920e-01 -1.8299149186e-05
5.9623929832e+00 5.5362636546e-01 5.5361627226e-01 -1.8231072065e-05
5.9774876226e+00 5.5017470767e-01 5.5016471532e-01 -1.8162140746e-05
5.9925822620e+00 5.4672304987e-01 5.4671315838e-01 -1.8092339052e-05
6.0076769014e+00 5.4327139208e-01 5.4326160143e-01 -1.8021650391e-05
6.0227715408e+00 5.3981973429e-01 5.3981004449e-01 -1.7950057751e-05
6.0378661802e+00 5.3636807649e-01 5.3635848755e-01 -1.7877543679e-05
6.0529608196e+00 5.3291641870e-01 5.3290693061e-01 -1.7804090271e-05
6.0680554590e+00 5.2946476091e-01 5.2945537367e-01 -1.7729679156e-05
6.0831500984e+00 5.2601310311e-01 5.2600381673e-01 -1.7654291481e-05
6.0982447378e+00 5.2256144532e-01 5.2255225978e-01 -1.7577907895e-05
6.1133393772e+00 5.1910978753e-01 5.1910070284e-01 -1.7500508531e-05
6.1284340166e+00 5.1565812973e-01 5.1564914590e-01 -1.7422072992e-05
6.1435286560e+00 5.1220647194e-01 5.1219758896e-01 -1.7342580330e-05
6.1586232954e+00 5.0875481415e-01 5.0874603202e-01 -1.7262009028e-05
6.1737179348e+00 5.0530315635e-01 5.0529447508e-01 -1.7180336984e-05
6.1888125742e+00 5.0185149856e-01 5.0184291813e-01 -1.7097541483e-05
6.2039072135e+00 4.9839984077e-01 4.9839136119e-01 -1.7013599186e-05
6.2190018529e+00 4.9494818297e-01 4.9493980425e-01 -1.6928486099e-05
6.2340964923e+00 4.9149652518e-01 4.9148824731e-01 -1.6842177555e-05
6.2491911317e+00 4.8804486739e-01 4.8803669037e-01 -1.6754648192e-05
6.2642857711e+00 4.8459320959e-01 4.8458513343e-01 -1.6665871921e-05
6.2793804105e+00 4.8114155180e-01 4.8113357648e-01 -1.6575821907e-05
6.2944750499e+00 4.7768989401e-01 4.7768201954e-01 -1.6484470539e-05
6.3095696893e+00 4.7423823621e-01 4.7423046260e-01 -1.6391789403e-05
6.3246643287e+00 4.7078657842e-01 4.7077890566e-01 -1.6297749249e-05
6.3397589681e+00 4.6733492063e-01 4.6732734872e-01 -1.6202319964e-05
6.3548536075e+00 4.6388326283e-01 4.6387579178e-01 -1.6105470542e-05
6.3699482469e+00 4.6043160504e-01 4.6042423483e-01 -1.6007169043e-05
6.3850428863e+00 4.5697994725e-01 4.5697267789e-01 -1.5907382563e-05
6.4001375257e+00 4.5352828945e-01 4.5352112095e-01 -1.5806077198e-05
6.4152321651e+00 4.5007663166e-01 4.5006956401e-01 -1.5703218002e-05
6.4303268045e+00 4.4662497387e-01 4.4661800707e-01 -1.5598768949e-05
6.4454214439e+00 4.4317331607e-01 4.4316645013e-01 -1.5492692893e-05
6.4605160833e+00 4.3972165828e-01 4.3971489318e-01 -1.5384951519e-05
6.4756107227e+00 4.3627000049e-01 4.3626333624e-01 -1.5275505299e-05
6.4907053621e+00 4.3281834269e-01 4.3281177930e-01 -1.5164313447e-05
6.5058000015e+00 4.2936668490e-01 4.2936022236e-01 -1.5051333863e-05
6.5208946408e+00 4.2591502711e-01 4.2590866542e-01 -1.4936523084e-05
6.5359892802e+00 4.2246336931e-01 4.2245710848e-01 -1.4819836225e-05
6.5510839196e+00 4.1901171152e-01 4.1900555153e-01 -1.4701226922e-05
6.5661785590e+00 4.1556005373e-01 4.1555399459e-01 -1.4580647273e-05
6.5812731984e+00 4.1210839593e-01 4.1210243765e-01 -1.4458047768e-05
6.5963678378e+00 4.0865673814e-01 4.0865088071e-01 -1.4333377227e-05
6.6114624772e+00 4.0520508035e-01 4.0519932377e-01 -1.4206582723e-05
6.6265571166e+00 4.0175342255e-01 4.0174776683e-01 -1.4077609514e-05
6.6416517560e+00 3.9830176476e-01 3.9829620988e-01 -1.3946400958e-05
6.6567463954e+00 3.9485010697e-01 3.9484465294e-01 -1.3812898433e-05
6.6718410348e+00 3.9139844917e-01 3.9139309600e-01 -1.3677041248e-05
6.6869356742e+00 3.8902271832e-01 3.8901454728e-01 -2.1004008991e-05
6.7020303136e+00 3.8749471076e-01 3.8748658561e-01 -2.0968398298e-05
6.7171249530e+00 3.8596670320e-01 3.8595862395e-01 -2.0932505646e-05
6.7322195924e+00 3.8443869564e-01 3.8443066228e-01 -2.0896327672e-05
6.7473142318e+00 3.8291068807e-01 3.8290270061e-01 -2.0859860962e-05
6.7624088712e+00 3.8138268051e-01 3.8137473894e-01 -2.0823102044e-05
6.7775035106e+00 3.7985467295e-01 3.7984677728e-01 -2.0786047393e-05
6.7925981500e+00 3.7832666539e-01 3.7831881561e-01 -2.0748693425e-05
6.8076927894e+00 3.7679865783e-01 3.7679085394e-01 -2.0711036498e-05
6.8227874288e+00 3.7527065027e-01 3.7526289227e-01 -2.0673072912e-05
6.8378820681e+00 3.7374264271e-01 3.7373493060e-01 -2.0634798907e-05
6.8529767075e+00 3.7221463515e-01 3.7220696894e-01 -2.0596210657e-05
6.8680713469e+00 3.7068662759e-01 3.7067900727e-01 -2.0557304279e-05
6.8831659863e+00 3.6915862003e-01 3.6915104560e-01 -2.0518075821e-05
6.8982606257e+00 3.6763061246e-01 3.6762308393e-01 -2.0478521267e-05
6.9133552651e+00 3.6610260490e-01 3.6609512227e-01 -2.0438636534e-05
6.9284499045e+00 3.6457459734e-01 3.6456716060e-01 -2.0398417472e-05
6.9435445439e+00 3.6304658978e-01 3.6303919893e-01 -2.0357859857e-05
6.9586391833e+00 3.6151858222e-01 3.6151123726e-01 -2.0316959397e-05
6.9737338227e+00 3.5999057466e-01 3.5998327560e-01 -2.0275711728e-05
6.9888284621e+00 3.5846256710e-01 3.5845531393e-01 -2.0234112408e-05
7.0039231015e+00 3.5693455954e-01 3.5692735226e-01 -2.0192156921e-05
7.0190177409e+00 3.5540655198e-01 3.5539939059e-01 -2.0149840675e-05
7.0341123803e+00 3.5387854442e-01 3.5387142892e-01 -2.0107158994e-05
7.0492070197e+00 3.5235053686e-01 3.5234346726e-01 -2.0064107126e-05
7.0643016591e+00 3.5082252929e-01 3.5081550559e-01 -2.0020680233e-05
7.0793962985e+00 3.4929452173e-01 3.4928754392e-01 -1.9976873394e-05
7.0944909379e+00 3.4776651417e-01 3.4775958225e-01 -1.9932681599e-05
7.1095855773e+00 3.4623850661e-01 3.4623162059e-01 -1.9888099754e-05
7.1246802167e+00 3.4471049905e-01 3.4470365892e-01 -1.9843122670e-05
7.1397748561e+00 3.4318249149e-01 3.4317569725e-01 -1.9797745068e-05
7.1548694955e+00 3.4165448393e-01 3.4164773558e-01 -1.9751961575e-05
7.1699641348e+00 3.4012647637e-01 3.4011977392e-01 -1.9705766721e-05
7.1850587742e+00 3.3859846881e-01 3.3859181225e-01 -1.9659154935e-05
7.2001534136e+00 3.3707046125e-01 3.3706385058e-01 -1.9612120548e-05
7.2152480530e+00 3.3554245369e-01 3.3553588891e-01 -1.9564657787e-05
7.2303426924e+00 3.3401444612e-01 3.3400792724e-01 -1.9516760772e-05
7.2454373318e+00 3.3248643856e-01 3.3247996558e-01 -1.9468423517e-05
7.2605319712e+00 3.3095843100e-01 3.3095200391e-01 -1.9419639923e-05
7.2756266106e+00 3.2943042344e-01 3.2942404224e-01 -1.9370403781e-05
7.2907212500e+00 3.2790241588e-01 3.2789608057e-01 -1.9320708764e-05
7.3058158894e+00 3.2637440832e-01 3.2636811891e-01 -1.9270548425e-05
7.3209105288e+00 3.2484640076e-01 3.2484015724e-01 -1.9219916200e-05
7.3360051682e+00 3.2331839320e-01 3.2331219557e-01 -1.9168805397e-05
7.3510998076e+00 3.2179038564e-01 3.2178423390e-01 -1.9117209200e-05
7.3661944470e+00 3.2026237808e-01 3.2025627223e-01 -1.9065120660e-05
7.3812890864e+00 3.1873437051e-01 3.1872831057e-01 -1.9012532697e-05
7.3963837258e+00 3.1720636295e-01 3.1720034890e-01 -1.8959438093e-05
7.4114783652e+00 3.1567835539e-01 3.1567238723e-01 -1.8905829492e-05
7.4265730046e+00 3.1415034783e-01 3.1414442556e-01 -1.8851699393e-05
7.4416676440e+00 3.1262234027e-01 3.1261646390e-01 -1.8797040150e-05
7.4567622834e+00 3.1109433271e-01 3.1108850223e-01 -1.8741843964e-05
7.4718569228e+00 3.0956632515e-01 3.0956054056e-01 -1.8686102887e-05
7.4869515621e+00 3.0803831759e-01 3.0803257889e-01 -1.8629808808e-05
7.5020462015e+00 3.0651031003e-01 3.0650461723e-01 -1.8572953457e-05
7.5171408409e+00 3.0498230247e-01 3.0497665556e-01 -1.8515528399e-05
7.5322354803e+00 3.0345429491e-01 3.0344869389e-01 -1.8457525027e-05
7.5473301197e+00 3.0192628734e-01 3.0192073222e-01 -1.8398934560e-05
7.5624247591e+00 3.0039827978e-01 3.0039277055e-01 -1.8339748041e-05
7.5775193985e+00 2.9887027222e-01 2.9886480889e-01 -1.8279956325e-05
7.5926140379e+00 2.9734226466e-01 2.9733684722e-01 -1.8219550085e-05
7.6077086773e+00 2.9581425710e-01 2.9580888555e-01 -1.8158519796e-05
7.6228033167e+00 2.9428624954e-01 2.9428092388e-01 -1.8096855738e-05
7.6378979561e+00 2.9275824198e-01 2.9275296222e-01 -1.8034547988e-05
7.6529925955e+00 2.9123023442e-01 2.9122500055e-01 -1.7971586413e-05
7.6680872349e+00 2.8970222686e-01 2.8969703888e-01 -1.7907960669e-05
7.6831818743e+00 2.8817421930e-01 2.8816907721e-01 -1.7843660189e-05
7.6982765137e+00 2.8664621174e-01 2.8664111555e-01 -1.7778674184e-05
7.7133711531e+00 2.8511820417e-01 2.8511315388e-01 -1.7712991632e-05
7.7284657925e+00 2.8359019661e-01 2.8358519221e-01 -1.7646601274e-05
7.7435604319e+00 2.8206218905e-01 2.8205723054e-01 -1.7579491607e-05
7.7586550713e+00 2.8053418149e-01 2.8052926887e-01 -1.7511650877e-05
7.7737497107e+00 2.7900617393e-01 2.7900130721e-01 -1.7443067072e-05
7.7888443501e+00 2.7747816637e-01 2.7747334554e-01 -1.7373727918e-05
7.8039389894e+00 2.7595015881e-01 2.7594538387e-01 -1.7303620865e-05
7.8190336288e+00 2.7442215125e-01 2.7441742220e-01 -1.7232733088e-05
7.8341282682e+00 2.7289414369e-01 2.7288946054e-01 -1.7161051471e-05
7.8492229076e+00 2.7136613613e-01 2.7136149887e-01 -1.7088562606e-05
7.8643175470e+00 2.6983812856e-01 2.6983353720e-01 -1.7015252777e-05
7.8794121864e+00 2.6831012100e-01 2.6830557553e-01 -1.6941107959e-05
7.8945068258e+00 2.6678211344e-01 2.6677761387e-01 -1.6866113806e-05
7.9096014652e+00 2.6525410588e-01 2.6524965220e-01 -1.6790255638e-05
7.9246961046e+00 2.6372609832e-01 2.6372169053e-01 -1.6713518439e-05
7.9397907440e+00 2.6219809076e-01 2.6219372886e-01 -1.6635886839e-05
7.9548853834e+00 2.6067008320e-01 2.6066576719e-01 -1.6557345110e-05
7.9699800228e+00 2.5914207564e-01 2.5913780553e-01 -1.6477877153e-05
7.9850746622e+00 2.5761406808e-01 2.5760984386e-01 -1.6397466486e-05
8.0001693016e+00 2.5608606052e-01 2.5608188219e-01 -1.6316096235e-05
8.0152639410e+00 2.5455805296e-01 2.5455392052e-01 -1.6233749119e-05
8.0303585804e+00 2.5303004539e-01 2.5302595886e-01 -1.6150407442e-05
8.0454532198e+00 2.5150203783e-01 2.5149799719e-01 -1.6066053075e-05
8.0605478592e+00 2.4997403027e-01 2.4997003552e-01 -1.5980667448e-05
8.0756424986e+00 2.4844602271e-01 2.4844207385e-01 -1.5894231534e-05
8.0907371380e+00 2.4691801515e-01 2.4691411219e-01 -1.5806725834e-05
8.1058317774e+00 2.4539000759e-01 2.4538615052e-01 -1.5718130363e-05
8.1209264167e+00 2.4386200003e-01 2.4385818885e-01 -1.5628424637e-05
8.1360210561e+00 2.4233399247e-01 2.4233022718e-01 -1.5537587653e-05
8.1511156955e+00 2.4080598491e-01 2.4080226551e-01 -1.5445597878e-05
8.1662103349e+00 2.3927797735e-01 2.3927430385e-01 -1.5352433226e-05
8.1813049743e+00 2.3774996978e-01 2.3774634218e-01 -1.5258071045e-05
8.1963996137e+00 2.3622196222e-01 2.3621838051e-01 -1.5162488095e-05
8.2114942531e+00 2.3469395466e-01 2.3469041884e-01 -1.5065660533e-05
8.2265888925e+00 2.3316594710e-01 2.3316245718e-01 -1.4967563891e-05
8.2416835319e+00 2.3163793954e-01 2.3163449551e-01 -1.4868173052e-05
8.2567781713e+00 2.3010993198e-01 2.3010653384e-01 -1.4767462236e-05
8.2718728107e+00 2.2858192442e-01 2.2857857217e-01 -1.4665404972e-05
8.2869674501e+00 2.2705391686e-01 2.2705061051e-01 -1.4561974075e-05
8.3020620895e+00 2.2552590930e-01 2.2552264884e-01 -1.4457141627e-05
8.3171567289e+00 2.2399790174e-01 2.2399468717e-01 -1.4350878943e-05
8.3322513683e+00 2.2246989418e-01 2.2246672550e-01 -1.4243156555e-05
8.3473460077e+00 2.2094188661e-01 2.2093876383e-01 -1.4133944177e-05
8.3624406471e+00 2.1941387905e-01 2.1941080217e-01 -1.4023210679e-05
8.3775352865e+00 2.1788587149e-01 2.1788284050e-01 -1.3910924060e-05
8.3926299259e+00 2.1635786393e-01 2.1635487883e-01 -1.3797051413e-05
8.4077245653e+00 2.1482985637e-01 2.1482691716e-01 -1.3681558895e-05
