# # k [h/Mpc]  P_LCDM [(Mpc/h)^3]  P_SRC [(Mpc/h)^3]  deltaP_over_P
# # z = 2.0
1.0422083430e-05 8.4513058728e+00 8.4513239922e+00 2.1439670907e-06
1.5105061479e-02 4.3871226156e+03 4.3871226172e+03 3.7003458731e-10
3.0199700874e-02 3.5181972825e+03 3.5181972417e+03 -1.1612544449e-08
4.5294340269e-02 2.4153329927e+03 2.4153320728e+03 -3.8089629041e-07
6.0388979665e-02 1.9432727251e+03 1.9432728782e+03 7.8777381460e-08
7.5483619060e-02 1.5947299246e+03 1.5947298993e+03 -1.5858640574e-08
9.0578258455e-02 1.1834454670e+03 1.1834451070e+03 -3.0420210253e-07
1.0567289785e-01 9.0584989520e+02 9.0585049056e+02 6.5723754897e-07
1.2076753725e-01 7.8833711271e+02 7.8833731999e+02 2.6293236513e-07
1.3586217664e-01 6.8757157646e+02 6.8757176794e+02 2.7848913374e-07
1.5095681604e-01 5.5497416803e+02 5.5497408311e+02 -1.5301109015e-07
1.6605145543e-01 4.5381944209e+02 4.5381953587e+02 2.0665983721e-07
1.8114609483e-01 4.0402676877e+02 4.0402682662e+02 1.4319514616e-07
1.9624073422e-01 3.6508206320e+02 3.6508202566e+02 -1.0283438703e-07
2.1133537362e-01 3.1367398014e+02 3.1367397214e+02 -2.5489100289e-08
2.2643001301e-01 2.6804388655e+02 2.6804393381e+02 1.7630495510e-07
2.4152465241e-01 2.4004470560e+02 2.4004472061e+02 6.2530597733e-08
2.5661929180e-01 2.1990810985e+02 2.1990804752e+02 -2.8347083281e-07
2.7171393120e-01 1.9699619538e+02 1.9699624989e+02 2.7671427068e-07
2.8680857059e-01 1.7420006701e+02 1.7420007716e+02 5.8259636037e-08
3.0190320999e-01 1.5734465640e+02 1.5734471780e+02 3.9018265159e-07
3.1699784938e-01 1.4490261230e+02 1.4490281919e+02 1.4278257289e-06
3.3209248878e-01 1.3273903028e+02 1.3273926752e+02 1.7872784911e-06
3.4718712818e-01 1.2049264329e+02 1.2049275211e+02 9.0314297361e-07
3.6228176757e-01 1.1008620538e+02 1.1008597898e+02 -2.0565371753e-06
3.7737640697e-01 1.0185302235e+02 1.0185299120e+02 -3.0582903366e-07
3.9247104636e-01 9.4410681372e+01 9.4410696239e+01 1.5747301298e-07
4.0756568576e-01 8.7193391957e+01 8.7193423906e+01 3.6641258830e-07
4.2266032515e-01 8.0634817823e+01 8.0634823434e+01 6.9582561266e-08
4.3775496455e-01 7.5012205598e+01 7.5012213014e+01 9.8856008000e-08
4.5284960394e-01 7.0058830346e+01 7.0058840276e+01 1.4174643278e-07
4.6794424334e-01 6.5420944363e+01 6.5420923954e+01 -3.1197711119e-07
4.8303888273e-01 6.1094449259e+01 6.1094475766e+01 4.3386305154e-07
4.9813352213e-01 5.7214030223e+01 5.7214022349e+01 -1.3761624057e-07
5.1322816152e-01 5.3747679485e+01 5.3747683500e+01 7.4699716148e-08
5.2832280092e-01 5.0553771438e+01 5.0553772158e+01 1.4247225903e-08
5.4341744031e-01 4.7569039008e+01 4.7569041441e+01 5.1156094807e-08
5.5851207971e-01 4.4829244046e+01 4.4829242537e+01 -3.3642884804e-08
5.7360671910e-01 4.2396950989e+01 4.2396949278e+01 -4.0347071988e-08
5.8870135850e-01 4.0050673225e+01 4.0050677053e+01 9.5559219865e-08
6.0379599789e-01 3.7958267952e+01 3.7958267060e+01 -2.3497649560e-08
6.1889063729e-01 3.5918389189e+01 3.5918391803e+01 7.2768662219e-08
6.3398527669e-01 3.4128676213e+01 3.4128673517e+01 -7.9014463006e-08
6.4907991608e-01 3.2400648892e+01 3.2400651123e+01 6.8848196618e-08
6.6417455548e-01 3.0802558225e+01 3.0802553477e+01 -1.5412588361e-07
6.7926919487e-01 2.9356707676e+01 2.9356704916e+01 -9.4033385422e-08
6.9436383427e-01 2.7910857128e+01 2.7910856354e+01 -2.7715010712e-08
7.0945847366e-01 2.6647889884e+01 2.6647881213e+01 -3.2542775700e-07
7.2455311306e-01 2.5475352731e+01 2.5475349820e+01 -1.1424516382e-07
7.3964775245e-01 2.4302815577e+01 2.4302818428e+01 1.1731526878e-07
7.5474239185e-01 2.3180508524e+01 2.3180501697e+01 -2.9448522039e-07
7.6983703124e-01 2.2267615139e+01 2.2267612172e+01 -1.3323391929e-07
7.8493167064e-01 2.1354721755e+01 2.1354722647e+01 4.1804051195e-08
8.0002631003e-01 2.0441828370e+01 2.0441833122e+01 2.3247575095e-07
8.1512094943e-01 1.9528934986e+01 1.9528943598e+01 4.4097360816e-07
8.3021558882e-01 1.8762872096e+01 1.8762864441e+01 -4.0800615544e-07
8.4531022822e-01 1.8100286092e+01 1.8100282053e+01 -2.2319211139e-07
8.6040486761e-01 1.7437700089e+01 1.7437699664e+01 -2.4333187965e-08
8.7549950701e-01 1.6775114085e+01 1.6775117276e+01 1.9023485559e-07
8.9059414641e-01 1.6112528081e+01 1.6112534887e+01 4.2245000996e-07
9.0568878580e-01 1.5449942077e+01 1.5449952499e+01 6.7458271584e-07
9.2078342520e-01 1.4787356073e+01 1.4787370111e+01 9.4931034702e-07
9.3587806459e-01 1.4341867671e+01 1.4341856553e+01 -7.7521623594e-07
9.5097270399e-01 1.3913700481e+01 1.3913692527e+01 -5.7164195713e-07
9.6606734338e-01 1.3485533291e+01 1.3485528502e+01 -3.5514066596e-07
9.8116198278e-01 1.3057366101e+01 1.3057364476e+01 -1.2444068465e-07
9.9625662217e-01 1.2629198911e+01 1.2629200451e+01 1.2190212011e-07
1.0113512616e+00 1.2201031721e+01 1.2201036425e+01 3.8553459479e-07
1.0264459010e+00 1.1772864532e+01 1.1772872400e+01 6.6834316303e-07
1.0415405404e+00 1.1344697342e+01 1.1344708374e+01 9.7249903500e-07
1.0566351798e+00 1.0916530152e+01 1.0916544349e+01 1.3005140571e-06
1.0717298191e+00 1.0488362962e+01 1.0488380324e+01 1.6553102403e-06
1.0868244585e+00 1.0126453778e+01 1.0126436137e+01 -1.7421351545e-06
1.1019190979e+00 9.8899817564e+00 9.8899664635e+00 -1.5462960274e-06
1.1170137373e+00 9.6535097343e+00 9.6534967902e+00 -1.3408623646e-06
1.1321083767e+00 9.4170377121e+00 9.4170271169e+00 -1.1251113775e-06
1.1472030161e+00 9.1805656900e+00 9.1805574436e+00 -8.9824580946e-07
1.1622976555e+00 8.9440936679e+00 8.9440877703e+00 -6.5938408767e-07
1.1773922949e+00 8.7076216458e+00 8.7076180970e+00 -4.0754887785e-07
1.1924869343e+00 8.4711496237e+00 8.4711484237e+00 -1.4165371496e-07
1.2075815737e+00 8.2346776016e+00 8.2346787504e+00 1.3951266269e-07
1.2226762131e+00 7.9982055795e+00 7.9982090771e+00 4.3730476544e-07
1.2377708525e+00 7.7617335573e+00 7.7617394038e+00 7.5324217022e-07
1.2528654919e+00 7.5252615352e+00 7.5252697305e+00 1.0890354582e-06
1.2679601313e+00 7.2887895131e+00 7.2888000572e+00 1.4466171975e-06
1.2830547707e+00 7.0523174910e+00 7.0523303839e+00 1.8281791609e-06
1.2981494101e+00 6.8158454689e+00 6.8158607106e+00 2.2362172906e-06
1.3132440495e+00 6.5793734468e+00 6.5793910373e+00 2.6735863596e-06
1.3283386889e+00 6.3429014247e+00 6.3429213640e+00 3.1435668604e-06
1.3434333283e+00 6.1792624647e+00 6.1792485206e+00 -2.2565914741e-06
1.3585279677e+00 6.0638784058e+00 6.0638656907e+00 -2.0968507770e-06
1.3736226071e+00 5.9484943468e+00 5.9484828608e+00 -1.9309130394e-06
1.3887172464e+00 5.8331102879e+00 5.8331000309e+00 -1.7584105127e-06
1.4038118858e+00 5.7177262289e+00 5.7177172010e+00 -1.5789457633e-06
1.4189065252e+00 5.6023421700e+00 5.6023343710e+00 -1.3920886160e-06
1.4340011646e+00 5.4869581110e+00 5.4869515411e+00 -1.1973727112e-06
1.4490958040e+00 5.3715740521e+00 5.3715687112e+00 -9.9429161936e-07
1.4641904434e+00 5.2561899931e+00 5.2561858813e+00 -7.8229444161e-07
1.4792850828e+00 5.1408059342e+00 5.1408030513e+00 -5.6078082010e-07
1.4943797222e+00 5.0254218753e+00 5.0254202214e+00 -3.2909526023e-07
1.5094743616e+00 4.9100378163e+00 4.9100373915e+00 -8.6520651911e-08
1.5245690010e+00 4.7946537574e+00 4.7946545616e+00 1.6772914479e-07
1.5396636404e+00 4.6792696984e+00 4.6792717316e+00 4.3451780991e-07
1.5547582798e+00 4.5638856395e+00 4.5638889017e+00 7.1479636585e-07
1.5698529192e+00 4.4485015805e+00 4.4485060718e+00 1.0096145039e-06
1.5849475586e+00 4.3331175216e+00 4.3331232419e+00 1.3201337224e-06
1.6000421980e+00 4.2177334626e+00 4.2177404120e+00 1.6476426194e-06
1.6151368374e+00 4.1023494037e+00 4.1023575820e+00 1.9935747672e-06
1.6302314768e+00 3.9869653447e+00 3.9869747521e+00 2.3595296905e-06
1.6453261162e+00 3.8715812858e+00 3.8715919222e+00 2.7472975944e-06
1.6604207556e+00 3.7561972269e+00 3.7562090923e+00 3.1588886534e-06
1.6755153950e+00 3.6408131679e+00 3.6408262623e+00 3.5965678666e-06
1.6906100344e+00 3.5785533346e+00 3.5785439428e+00 -2.6244738841e-06
1.7057046738e+00 3.5247711628e+00 3.5247624281e+00 -2.4780983722e-06
1.7207993131e+00 3.4709889911e+00 3.4709809134e+00 -2.3271867511e-06
1.7358939525e+00 3.4172068193e+00 3.4171993987e+00 -2.1715248440e-06
1.7509885919e+00 3.3634246475e+00 3.3634178840e+00 -2.0108847754e-06
1.7660832313e+00 3.3096424757e+00 3.3096363693e+00 -1.8450238579e-06
1.7811778707e+00 3.2558603039e+00 3.2558548546e+00 -1.6736833685e-06
1.7962725101e+00 3.2020781321e+00 3.2020733399e+00 -1.4965872021e-06
1.8113671495e+00 3.1482959603e+00 3.1482918252e+00 -1.3134403871e-06
1.8264617889e+00 3.0945137885e+00 3.0945103105e+00 -1.1239274452e-06
1.8415564283e+00 3.0407316168e+00 3.0407287958e+00 -9.2771057883e-07
1.8566510677e+00 2.9869494450e+00 2.9869472811e+00 -7.2442766121e-07
1.8717457071e+00 2.9331672732e+00 2.9331657664e+00 -5.1369000542e-07
1.8868403465e+00 2.8793851014e+00 2.8793842517e+00 -2.9507988492e-07
1.9019349859e+00 2.8256029296e+00 2.8256027370e+00 -6.8147769175e-08
1.9170296253e+00 2.7718207578e+00 2.7718212223e+00 1.6759076163e-07
1.9321242647e+00 2.7180385860e+00 2.7180397077e+00 4.1265846842e-07
1.9472189041e+00 2.6642564142e+00 2.6642581930e+00 6.6762032311e-07
1.9623135435e+00 2.6104742425e+00 2.6104766783e+00 9.3308785685e-07
1.9774081829e+00 2.5566920707e+00 2.5566951636e+00 1.2097240571e-06
1.9925028223e+00 2.5029098989e+00 2.5029136489e+00 1.4982488957e-06
2.0075974617e+00 2.4491277271e+00 2.4491321342e+00 1.7994455869e-06
2.0226921011e+00 2.3953455553e+00 2.3953506195e+00 2.1141676855e-06
2.0377867404e+00 2.3415633835e+00 2.3415691048e+00 2.4433471657e-06
2.0528813798e+00 2.2877812117e+00 2.2877875901e+00 2.7880036394e-06
2.0679760192e+00 2.2339990399e+00 2.2340060754e+00 3.1492549043e-06
2.0830706586e+00 2.1802168682e+00 2.1802245607e+00 3.5283290544e-06
2.0981652980e+00 2.1264346964e+00 2.1264430460e+00 3.9265784290e-06
2.1132599374e+00 2.0752199908e+00 2.0752151808e+00 -2.3178269356e-06
2.1283545768e+00 2.0504697593e+00 2.0504652275e+00 -2.2101639991e-06
2.1434492162e+00 2.0257195279e+00 2.0257152741e+00 -2.0998702121e-06
2.1585438556e+00 2.0009692964e+00 2.0009653208e+00 -1.9868479507e-06
2.1736384950e+00 1.9762190650e+00 1.9762153675e+00 -1.8709947003e-06
2.1887331344e+00 1.9514688335e+00 1.9514654142e+00 -1.7522027458e-06
2.2038277738e+00 1.9267186021e+00 1.9267154609e+00 -1.6303588372e-06
2.2189224132e+00 1.9019683706e+00 1.9019655075e+00 -1.5053438297e-06
2.2340170526e+00 1.8772181392e+00 1.8772155542e+00 -1.3770322949e-06
2.2491116920e+00 1.8524679078e+00 1.8524656009e+00 -1.2452921014e-06
2.2642063314e+00 1.8277176763e+00 1.8277156476e+00 -1.1099839604e-06
2.2793009708e+00 1.8029674449e+00 1.8029656942e+00 -9.7096093509e-07
2.2943956102e+00 1.7782172134e+00 1.7782157409e+00 -8.2806790771e-07
2.3094902496e+00 1.7534669820e+00 1.7534657876e+00 -6.8114100295e-07
2.3245848890e+00 1.7287167505e+00 1.7287158343e+00 -5.3000696028e-07
2.3396795284e+00 1.7039665191e+00 1.7039658810e+00 -3.7448245264e-07
2.3547741677e+00 1.6792162876e+00 1.6792159276e+00 -2.1437334506e-07
2.3698688071e+00 1.6544660562e+00 1.6544659743e+00 -4.9473885254e-08
2.3849634465e+00 1.6297158247e+00 1.6297160210e+00 1.2043417757e-07
2.4000580859e+00 1.6049655933e+00 1.6049660677e+00 2.9558255680e-07
2.4151527253e+00 1.5802153618e+00 1.5802161143e+00 4.7621748303e-07
2.4302473647e+00 1.5554651304e+00 1.5554661610e+00 6.6260085858e-07
2.4453420041e+00 1.5307148989e+00 1.5307162077e+00 8.5501152462e-07
2.4604366435e+00 1.5059646675e+00 1.5059662544e+00 1.0537466533e-06
2.4755312829e+00 1.4812144360e+00 1.4812163011e+00 1.2591232786e-06
2.4906259223e+00 1.4564642046e+00 1.4564663477e+00 1.4714799849e-06
2.5057205617e+00 1.4317139731e+00 1.4317163944e+00 1.6911787688e-06
2.5208152011e+00 1.4069637417e+00 1.4069664411e+00 1.9186070991e-06
2.5359098405e+00 1.3822135102e+00 1.3822164878e+00 2.1541801972e-06
2.5510044799e+00 1.3574632788e+00 1.3574665345e+00 2.3983435660e-06
2.5660991193e+00 1.3327130473e+00 1.3327165811e+00 2.6515758037e-06
2.5811937587e+00 1.3079628159e+00 1.3079666278e+00 2.9143917335e-06
2.5962883981e+00 1.2832125844e+00 1.2832166745e+00 3.1873458978e-06
2.6113830375e+00 1.2584623530e+00 1.2584667212e+00 3.4710364638e-06
2.6264776769e+00 1.2337121216e+00 1.2337167678e+00 3.7661095997e-06
2.6415723163e+00 1.2089618901e+00 1.2089668145e+00 4.0732643876e-06
2.6566669557e+00 1.1842116587e+00 1.1842168612e+00 4.3932583535e-06
2.6717615950e+00 1.1710644912e+00 1.1710617876e+00 -2.3086621425e-06
2.6868562344e+00 1.1597810395e+00 1.1597784569e+00 -2.2267385193e-06
2.7019508738e+00 1.1484975877e+00 1.1484951262e+00 -2.1432051733e-06
2.7170455132e+00 1.1372141359e+00 1.1372117955e+00 -2.0580141899e-06
2.7321401526e+00 1.1259306842e+00 1.1259284648e+00 -1.9711157328e-06
2.7472347920e+00 1.1146472324e+00 1.1146451341e+00 -1.8824579486e-06
2.7623294314e+00 1.1033637806e+00 1.1033618034e+00 -1.7919868627e-06
2.7774240708e+00 1.0920803288e+00 1.0920784727e+00 -1.6996462692e-06
2.7925187102e+00 1.0807968771e+00 1.0807951420e+00 -1.6053776159e-06
2.8076133496e+00 1.0695134253e+00 1.0695118113e+00 -1.5091198788e-06
2.8227079890e+00 1.0582299735e+00 1.0582284806e+00 -1.4108094318e-06
2.8378026284e+00 1.0469465217e+00 1.0469451498e+00 -1.3103799060e-06
2.8528972678e+00 1.0356630700e+00 1.0356618191e+00 -1.2077620398e-06
2.8679919072e+00 1.0243796182e+00 1.0243784884e+00 -1.1028835197e-06
2.8830865466e+00 1.0130961664e+00 1.0130951577e+00 -9.9566881157e-07
2.8981811860e+00 1.0018127147e+00 1.0018118270e+00 -8.8603897713e-07
2.9132758254e+00 9.9052926288e-01 9.9052849630e-01 -7.7391148221e-07
2.9283704648e+00 9.7924581111e-01 9.7924516559e-01 -6.5919998813e-07
2.9434651042e+00 9.6796235934e-01 9.6796183488e-01 -5.4181413052e-07
2.9585597436e+00 9.5667890756e-01 9.5667850417e-01 -4.2165928188e-07
2.9736543830e+00 9.4539545579e-01 9.4539517346e-01 -2.9863629708e-07
2.9887490224e+00 9.3411200402e-01 9.3411184275e-01 -1.7264124049e-07
3.0038436617e+00 9.2282855225e-01 9.2282851204e-01 -4.3565093631e-08
3.0189383011e+00 9.1154510047e-01 9.1154518133e-01 8.8706560696e-08
3.0340329405e+00 9.0026164870e-01 9.0026185062e-01 2.2429387504e-07
3.0491275799e+00 8.8897819693e-01 8.8897851991e-01 3.6332310265e-07
3.0642222193e+00 8.7769474516e-01 8.7769518921e-01 5.0592698896e-07
3.0793168587e+00 8.6641129338e-01 8.6641185850e-01 6.5224519454e-07
3.0944114981e+00 8.5512784161e-01 8.5512852779e-01 8.0242475121e-07
3.1095061375e+00 8.4384438984e-01 8.4384519708e-01 9.5662055510e-07
3.1246007769e+00 8.3256093807e-01 8.3256186637e-01 1.1149958991e-06
3.1396954163e+00 8.2127748629e-01 8.2127853566e-01 1.2777230498e-06
3.1547900557e+00 8.0999403452e-01 8.0999520495e-01 1.4449838736e-06
3.1698846951e+00 7.9871058275e-01 7.9871187424e-01 1.6169705128e-06
3.1849793345e+00 7.8742713098e-01 7.8742854353e-01 1.7938861235e-06
3.2000739739e+00 7.7614367920e-01 7.7614521282e-01 1.9759456755e-06
3.2151686133e+00 7.6486022743e-01 7.6486188211e-01 2.1633768237e-06
3.2302632527e+00 7.5357677566e-01 7.5357855140e-01 2.3564208580e-06
3.2453578921e+00 7.4229332389e-01 7.4229522069e-01 2.5553337398e-06
3.2604525315e+00 7.3100987211e-01 7.3101188998e-01 2.7603872330e-06
3.2755471709e+00 7.1972642034e-01 7.1972855927e-01 2.9718701451e-06
3.2906418103e+00 7.0844296857e-01 7.0844522857e-01 3.1900896818e-06
3.3057364497e+00 6.9715951680e-01 6.9716189786e-01 3.4153729380e-06
3.3208310890e+00 6.8587606502e-01 6.8587856715e-01 3.6480685328e-06
3.3359257284e+00 6.7459261325e-01 6.7459523644e-01 3.8885484091e-06
3.3510203678e+00 6.6488404983e-01 6.6488212652e-01 -2.8926986211e-06
3.3661150072e+00 6.5978338146e-01 6.5978151898e-01 -2.8228694214e-06
3.3812096466e+00 6.5468271309e-01 6.5468091143e-01 -2.7519521351e-06
3.3963042860e+00 6.4958204472e-01 6.4958030389e-01 -2.6799211312e-06
3.4113989254e+00 6.4448137636e-01 6.4447969635e-01 -2.6067499663e-06
3.4264935648e+00 6.3938070799e-01 6.3937908881e-01 -2.5324113535e-06
3.4415882042e+00 6.3428003962e-01 6.3427848127e-01 -2.4568771280e-06
3.4566828436e+00 6.2917937125e-01 6.2917787373e-01 -2.3801182119e-06
3.4717774830e+00 6.2407870289e-01 6.2407726619e-01 -2.3021045766e-06
3.4868721224e+00 6.1897803452e-01 6.1897665865e-01 -2.2228052035e-06
3.5019667618e+00 6.1387736615e-01 6.1387605111e-01 -2.1421880435e-06
3.5170614012e+00 6.0877669778e-01 6.0877544357e-01 -2.0602199731e-06
3.5321560406e+00 6.0367602942e-01 6.0367483603e-01 -1.9768667494e-06
3.5472506800e+00 5.9857536105e-01 5.9857422849e-01 -1.8920929621e-06
3.5623453194e+00 5.9347469268e-01 5.9347362095e-01 -1.8058619839e-06
3.5774399588e+00 5.8837402431e-01 5.8837301341e-01 -1.7181359172e-06
3.5925345982e+00 5.8327335595e-01 5.8327240587e-01 -1.6288755388e-06
3.6076292376e+00 5.7817268758e-01 5.7817179833e-01 -1.5380402413e-06
3.6227238770e+00 5.7307201921e-01 5.7307119079e-01 -1.4455879719e-06
3.6378185163e+00 5.6797135085e-01 5.6797058325e-01 -1.3514751664e-06
3.6529131557e+00 5.6287068248e-01 5.6286997571e-01 -1.2556566826e-06
3.6680077951e+00 5.5777001411e-01 5.5776936817e-01 -1.1580857263e-06
3.6831024345e+00 5.5266934574e-01 5.5266876062e-01 -1.0587137759e-06
3.6981970739e+00 5.4756867738e-01 5.4756815308e-01 -9.5749050214e-07
3.7132917133e+00 5.4246800901e-01 5.4246754554e-01 -8.5436368236e-07
3.7283863527e+00 5.3736734064e-01 5.3736693800e-01 -7.4927911205e-07
3.7434809921e+00 5.3226667227e-01 5.3226633046e-01 -6.4218050770e-07
3.7585756315e+00 5.2716600391e-01 5.2716572292e-01 -5.3300940811e-07
3.7736702709e+00 5.2206533554e-01 5.2206511538e-01 -4.2170506778e-07
3.7887649103e+00 5.1696466717e-01 5.1696450784e-01 -3.0820434341e-07
3.8038595497e+00 5.1186399880e-01 5.1186390030e-01 -1.9244157439e-07
3.8189541891e+00 5.0676333044e-01 5.0676329276e-01 -7.4348457005e-08
3.8340488285e+00 5.0166266207e-01 5.0166268522e-01 4.6146089939e-08
3.8491434679e+00 4.9656199370e-01 4.9656207768e-01 1.6911606888e-07
3.8642381073e+00 4.9146132534e-01 4.9146147014e-01 2.9463855431e-07
3.8793327467e+00 4.8636065697e-01 4.8636086260e-01 4.2279385349e-07
3.8944273861e+00 4.8125998860e-01 4.8126025506e-01 5.5366567898e-07
3.9095220255e+00 4.7615932023e-01 4.7615964752e-01 6.8734132979e-07
3.9246166649e+00 4.7105865187e-01 4.7105903998e-01 8.2391188620e-07
3.9397113043e+00 4.6595798350e-01 4.6595843244e-01 9.6347241656e-07
3.9548059436e+00 4.6085731513e-01 4.6085782490e-01 1.1061221980e-06
3.9699005830e+00 4.5575664676e-01 4.5575721735e-01 1.2519649521e-06
3.9849952224e+00 4.5065597840e-01 4.5065660981e-01 1.4011090960e-06
4.0000898618e+00 4.4555531003e-01 4.4555600227e-01 1.5536680114e-06
4.0151845012e+00 4.4045464166e-01 4.4045539473e-01 1.7097603323e-06
4.0302791406e+00 4.3535397329e-01 4.3535478719e-01 1.8695102524e-06
4.0453737800e+00 4.3025330493e-01 4.3025417965e-01 2.0330478545e-06
4.0604684194e+00 4.2515263656e-01 4.2515357211e-01 2.2005094642e-06
4.0755630588e+00 4.2005196819e-01 4.2005296457e-01 2.3720380286e-06
4.0906576982e+00 4.1495129982e-01 4.1495235703e-01 2.5477835231e-06
4.1057523376e+00 4.0985063146e-01 4.0985174949e-01 2.7279033891e-06
4.1208469770e+00 4.0474996309e-01 4.0475114195e-01 2.9125630045e-06
4.1359416164e+00 3.9964929472e-01 3.9965053441e-01 3.1019361901e-06
4.1510362558e+00 3.9454862636e-01 3.9454992687e-01 3.2962057544e-06
4.1661308952e+00 3.8944795799e-01 3.8944931933e-01 3.4955640842e-06
4.1812255346e+00 3.8434728962e-01 3.8434871179e-01 3.7002137782e-06
4.1963201740e+00 3.7924662125e-01 3.7924810425e-01 3.9103683344e-06
4.2114148134e+00 3.7414595289e-01 3.7414749671e-01 4.1262528935e-06
4.2265094528e+00 3.7140514942e-01 3.7140406231e-01 -2.9270278158e-06
4.2416040922e+00 3.6911700721e-01 3.6911594811e-01 -2.8692799714e-06
4.2566987316e+00 3.6682886500e-01 3.6682783391e-01 -2.8108117077e-06
4.2717933710e+00 3.6454072278e-01 3.6453971971e-01 -2.7516094591e-06
4.2868880103e+00 3.6225258057e-01 3.6225160551e-01 -2.6916593168e-06
4.3019826497e+00 3.5996443836e-01 3.5996349131e-01 -2.6309470193e-06
4.3170772891e+00 3.5767629614e-01 3.5767537711e-01 -2.5694579391e-06
4.3321719285e+00 3.5538815393e-01 3.5538726291e-01 -2.5071770721e-06
4.3472665679e+00 3.5310001172e-01 3.5309914871e-01 -2.4440890263e-06
4.3623612073e+00 3.5081186950e-01 3.5081103451e-01 -2.3801780071e-06
4.3774558467e+00 3.4852372729e-01 3.4852292031e-01 -2.3154278052e-06
4.3925504861e+00 3.4623558508e-01 3.4623480611e-01 -2.2498217835e-06
4.4076451255e+00 3.4394744286e-01 3.4394669191e-01 -2.1833428614e-06
4.4227397649e+00 3.4165930065e-01 3.4165857771e-01 -2.1159735012e-06
4.4378344043e+00 3.3937115844e-01 3.3937046351e-01 -2.0476956923e-06
4.4529290437e+00 3.3708301623e-01 3.3708234931e-01 -1.9784909345e-06
4.4680236831e+00 3.3479487401e-01 3.3479423511e-01 -1.9083402226e-06
4.4831183225e+00 3.3250673180e-01 3.3250612091e-01 -1.8372240274e-06
4.4982129619e+00 3.3021858959e-01 3.3021800671e-01 -1.7651222792e-06
4.5133076013e+00 3.2793044737e-01 3.2792989251e-01 -1.6920143478e-06
4.5284022407e+00 3.2564230516e-01 3.2564177831e-01 -1.6178790233e-06
4.5434968801e+00 3.2335416295e-01 3.2335366411e-01 -1.5426944952e-06
4.5585915195e+00 3.2106602073e-01 3.2106554991e-01 -1.4664383314e-06
4.5736861589e+00 3.1877787852e-01 3.1877743571e-01 -1.3890874561e-06
4.5887807983e+00 3.1648973631e-01 3.1648932151e-01 -1.3106181253e-06
4.6038754376e+00 3.1420159409e-01 3.1420120731e-01 -1.2310059042e-06
4.6189700770e+00 3.1191345188e-01 3.1191309311e-01 -1.1502256407e-06
4.6340647164e+00 3.0962530967e-01 3.0962497891e-01 -1.0682514389e-06
4.6491593558e+00 3.0733716745e-01 3.0733686471e-01 -9.8505663221e-07
4.6642539952e+00 3.0504902524e-01 3.0504875051e-01 -9.0061375366e-07
4.6793486346e+00 3.0276088303e-01 3.0276063631e-01 -8.1489450621e-07
4.6944432740e+00 3.0047274081e-01 3.0047252211e-01 -7.2786973013e-07
4.7095379134e+00 2.9818459860e-01 2.9818440791e-01 -6.3950937193e-07
4.7246325528e+00 2.9589645639e-01 2.9589629371e-01 -5.4978244741e-07
4.7397271922e+00 2.9360831417e-01 2.9360817951e-01 -4.5865700670e-07
4.7548218316e+00 2.9132017196e-01 2.9132006531e-01 -3.6610009650e-07
4.7699164710e+00 2.8903202975e-01 2.8903195111e-01 -2.7207772004e-07
4.7850111104e+00 2.8674388754e-01 2.8674383691e-01 -1.7655479459e-07
4.8001057498e+00 2.8445574532e-01 2.8445572271e-01 -7.9495110007e-08
4.8152003892e+00 2.8216760311e-01 2.8216760851e-01 1.9138719580e-08
4.8302950286e+00 2.7987946090e-01 2.7987949431e-01 1.1938530243e-07
4.8453896680e+00 2.7759131868e-01 2.7759138011e-01 2.2128451937e-07
4.8604843074e+00 2.7530317647e-01 2.7530326591e-01 3.2487757707e-07
4.8755789468e+00 2.7301503426e-01 2.7301515171e-01 4.3020706425e-07
4.8906735862e+00 2.7072689204e-01 2.7072703751e-01 5.3731700881e-07
4.9057682256e+00 2.6843874983e-01 2.6843892331e-01 6.4625293980e-07
4.9208628649e+00 2.6615060762e-01 2.6615080911e-01 7.5706195259e-07
4.9359575043e+00 2.6386246540e-01 2.6386269491e-01 8.6979277531e-07
4.9510521437e+00 2.6157432319e-01 2.6157458071e-01 9.8449584193e-07
4.9661467831e+00 2.5928618098e-01 2.5928646651e-01 1.1012233661e-06
4.9812414225e+00 2.5699803876e-01 2.5699835231e-01 1.2200294210e-06
4.9963360619e+00 2.5470989655e-01 2.5471023811e-01 1.3409700230e-06
5.0114307013e+00 2.5242175434e-01 2.5242212391e-01 1.4641032199e-06
5.0265253407e+00 2.5013361212e-01 2.5013400971e-01 1.5894891829e-06
5.0416199801e+00 2.4784546991e-01 2.4784589551e-01 1.7171903054e-06
5.0567146195e+00 2.4555732770e-01 2.4555778131e-01 1.8472713066e-06
5.0718092589e+00 2.4326918548e-01 2.4326966711e-01 1.9797993407e-06
5.0869038983e+00 2.4098104327e-01 2.4098155291e-01 2.1148441120e-06
5.1019985377e+00 2.3869290106e-01 2.3869343871e-01 2.2524779979e-06
5.1170931771e+00 2.3640475885e-01 2.3640532451e-01 2.3927761781e-06
5.1321878165e+00 2.3411661663e-01 2.3411721031e-01 2.5358167708e-06
5.1472824559e+00 2.3182847442e-01 2.3182909611e-01 2.6816809788e-06
5.1623770953e+00 2.2954033221e-01 2.2954098191e-01 2.8304532428e-06
5.1774717347e+00 2.2725218999e-01 2.2725286771e-01 2.9822214040e-06
5.1925663741e+00 2.2496404778e-01 2.2496475351e-01 3.1370768772e-06
5.2076610135e+00 2.2267590557e-01 2.2267663931e-01 3.2951148355e-06
5.2227556529e+00 2.2038776335e-01 2.2038852511e-01 3.4564344037e-06
5.2378502922e+00 2.1809962114e-01 2.1810041091e-01 3.6211388661e-06
5.2529449316e+00 2.1581147893e-01 2.1581229671e-01 3.7893358885e-06
5.2680395710e+00 2.1352333671e-01 2.1352418251e-01 3.9611377505e-06
5.2831342104e+00 2.1123519450e-01 2.1123606831e-01 4.1366615975e-06
5.2982288498e+00 2.0894705229e-01 2.0894795411e-01 4.3160297055e-06
5.3133234892e+00 2.0736556509e-01 2.0736497332e-01 -2.8537202876e-06
5.3284181286e+00 2.0634607160e-01 2.0634549227e-01 -2.8075637152e-06
5.3435127680e+00 2.0532657811e-01 2.0532601121e-01 -2.7609487868e-06
5.3586074074e+00 2.0430708462e-01 2.0430653016e-01 -2.7138686409e-06
5.3737020468e+00 2.0328759114e-01 2.0328704911e-01 -2.6663162783e-06
5.3887966862e+00 2.0226809765e-01 2.0226756805e-01 -2.6182845585e-06
5.4038913256e+00 2.0124860416e-01 2.0124808700e-01 -2.5697661967e-06
5.4189859650e+00 2.0022911067e-01 2.0022860595e-01 -2.5207537594e-06
5.4340806044e+00 1.9920961719e-01 1.9920912489e-01 -2.4712396610e-06
5.4491752438e+00 1.9819012370e-01 1.9818964384e-01 -2.4212161596e-06
5.4642698832e+00 1.9717063021e-01 1.9717016278e-01 -2.3706753537e-06
5.4793645226e+00 1.9615113672e-01 1.9615068173e-01 -2.3196091773e-06
5.4944591620e+00 1.9513164324e-01 1.9513120068e-01 -2.2680093955e-06
5.5095538014e+00 1.9411214975e-01 1.9411171962e-01 -2.2158676009e-06
5.5246484408e+00 1.9309265626e-01 1.9309223857e-01 -2.1631752083e-06
5.5397430802e+00 1.9207316277e-01 1.9207275751e-01 -2.1099234501e-06
5.5548377195e+00 1.9105366929e-01 1.9105327646e-01 -2.0561033719e-06
5.5699323589e+00 1.9003417580e-01 1.9003379541e-01 -2.0017058266e-06
5.5850269983e+00 1.8901468231e-01 1.8901431435e-01 -1.9467214706e-06
5.6001216377e+00 1.8799518882e-01 1.8799483330e-01 -1.8911407567e-06
5.6152162771e+00 1.8697569534e-01 1.8697535224e-01 -1.8349539302e-06
5.6303109165e+00 1.8595620185e-01 1.8595587119e-01 -1.7781510220e-06
5.6454055559e+00 1.8493670836e-01 1.8493639014e-01 -1.7207218433e-06
5.6605001953e+00 1.8391721487e-01 1.8391690908e-01 -1.6626559796e-06
5.6755948347e+00 1.8289772139e-01 1.8289742803e-01 -1.6039427840e-06
5.6906894741e+00 1.8187822790e-01 1.8187794697e-01 -1.5445713706e-06
5.7057841135e+00 1.8085873441e-01 1.8085846592e-01 -1.4845306088e-06
5.7208787529e+00 1.7983924092e-01 1.7983898487e-01 -1.4238091150e-06
5.7359733923e+00 1.7881974744e-01 1.7881950381e-01 -1.3623952460e-06
5.7510680317e+00 1.7780025395e-01 1.7780002276e-01 -1.3002770920e-06
5.7661626711e+00 1.7678076046e-01 1.7678054170e-01 -1.2374424680e-06
5.7812573105e+00 1.7576126697e-01 1.7576106065e-01 -1.1738789063e-06
5.7963519499e+00 1.7474177349e-01 1.7474157960e-01 -1.1095736488e-06
5.8114465893e+00 1.7372228000e-01 1.7372209854e-01 -1.0445136374e-06
5.8265412287e+00 1.7270278651e-01 1.7270261749e-01 -9.7868550525e-07
5.8416358681e+00 1.7168329302e-01 1.7168313643e-01 -9.1207556937e-07
5.8567305075e+00 1.7066379954e-01 1.7066365538e-01 -8.4466981859e-07
5.8718251469e+00 1.6964430605e-01 1.6964417433e-01 -7.7645390520e-07
5.8869197862e+00 1.6862481256e-01 1.6862469327e-01 -7.0741313496e-07
5.9020144256e+00 1.6760531907e-01 1.6760521222e-01 -6.3753245563e-07
5.9171090650e+00 1.6658582559e-01 1.6658573117e-01 -5.6679644665e-07
5.9322037044e+00 1.6556633210e-01 1.6556625011e-01 -4.9518930749e-07
5.9472983438e+00 1.6454683861e-01 1.6454676906e-01 -4.2269484654e-07
5.9623929832e+00 1.6352734512e-01 1.6352728800e-01 -3.4929646789e-07
5.9774876226e+00 1.6250785164e-01 1.6250780695e-01 -2.7497715935e-07
5.9925822620e+00 1.6148835815e-01 1.6148832590e-01 -1.9971947878e-07
6.0076769014e+00 1.6046886466e-01 1.6046884484e-01 -1.2350554184e-07
6.0227715408e+00 1.5944937117e-01 1.5944936379e-01 -4.6317005726e-08
6.0378661802e+00 1.5842987769e-01 1.5842988273e-01 3.1864944317e-08
6.0529608196e+00 1.5741038420e-01 1.5741040168e-01 1.1105960995e-07
6.0680554590e+00 1.5639089071e-01 1.5639092063e-01 1.9128679667e-07
6.0831500984e+00 1.5537139722e-01 1.5537143957e-01 2.7256682978e-07
6.0982447378e+00 1.5435190374e-01 1.5435195852e-01 3.5492057108e-07
6.1133393772e+00 1.5333241025e-01 1.5333247746e-01 4.3836943770e-07
6.1284340166e+00 1.5231291676e-01 1.5231299641e-01 5.2293542021e-07
6.1435286560e+00 1.5129342327e-01 1.5129351536e-01 6.0864110136e-07
6.1586232954e+00 1.5027392979e-01 1.5027403430e-01 6.9550967729e-07
6.1737179348e+00 1.4925443630e-01 1.4925455325e-01 7.8356497789e-07
6.1888125742e+00 1.4823494281e-01 1.4823507219e-01 8.7283148808e-07
6.2039072135e+00 1.4721544932e-01 1.4721559114e-01 9.6333437157e-07
6.2190018529e+00 1.4619595584e-01 1.4619611009e-01 1.0550994940e-06
6.2340964923e+00 1.4517646235e-01 1.4517662903e-01 1.1481534468e-06
6.2491911317e+00 1.4415696886e-01 1.4415714798e-01 1.2425235750e-06
6.2642857711e+00 1.4313747537e-01 1.4313766692e-01 1.3382380015e-06
6.2793804105e+00 1.4211798189e-01 1.4211818587e-01 1.4353256563e-06
6.2944750499e+00 1.4109848840e-01 1.4109870482e-01 1.5338163060e-06
6.3095696893e+00 1.4007899491e-01 1.4007922376e-01 1.6337405838e-06
6.3246643287e+00 1.3905950142e-01 1.3905974271e-01 1.7351300206e-06
6.3397589681e+00 1.3804000794e-01 1.3804026165e-01 1.8380170795e-06
6.3548536075e+00 1.3702051445e-01 1.3702078060e-01 1.9424351892e-06
6.3699482469e+00 1.3600102096e-01 1.3600129955e-01 2.0484187806e-06
6.3850428863e+00 1.3498152747e-01 1.3498181849e-01 2.1560033260e-06
6.4001375257e+00 1.3396203399e-01 1.3396233744e-01 2.2652253762e-06
6.4152321651e+00 1.3294254050e-01 1.3294285639e-01 2.3761226039e-06
6.4303268045e+00 1.3192304701e-01 1.3192337533e-01 2.4887338460e-06
6.4454214439e+00 1.3090355352e-01 1.3090389428e-01 2.6030991492e-06
6.4605160833e+00 1.2988406003e-01 1.2988441322e-01 2.7192598179e-06
6.4756107227e+00 1.2886456655e-01 1.2886493217e-01 2.8372584637e-06
6.4907053621e+00 1.2784507306e-01 1.2784545112e-01 2.9571390567e-06
6.5058000015e+00 1.2682557957e-01 1.2682597006e-01 3.0789469814e-06
6.5208946408e+00 1.2580608608e-01 1.2580648901e-01 3.2027290936e-06
6.5359892802e+00 1.2478659260e-01 1.2478700795e-01 3.3285337795e-06
6.5510839196e+00 1.2376709911e-01 1.2376752690e-01 3.4564110206e-06
6.5661785590e+00 1.2274760562e-01 1.2274804585e-01 3.5864124580e-06
6.5812731984e+00 1.2172811213e-01 1.2172856479e-01 3.7185914635e-06
6.5963678378e+00 1.2070861865e-01 1.2070908374e-01 3.8530032114e-06
6.6114624772e+00 1.1968912516e-01 1.1968960268e-01 3.9897047564e-06
6.6265571166e+00 1.1866963167e-01 1.1867012163e-01 4.1287551135e-06
6.6416517560e+00 1.1765013818e-01 1.1765064058e-01 4.2702153435e-06
6.6567463954e+00 1.1663064470e-01 1.1663115952e-01 4.4141486419e-06
6.6718410348e+00 1.1561115121e-01 1.1561167847e-01 4.5606204336e-06
6.6869356742e+00 1.1490943245e-01 1.1490911515e-01 -2.7613010465e-06
6.7020303136e+00 1.1445808853e-01 1.1445777649e-01 -2.7262766884e-06
6.7171249530e+00 1.1400674461e-01 1.1400643782e-01 -2.6909750127e-06
6.7322195924e+00 1.1355540069e-01 1.1355509916e-01 -2.6553927130e-06
6.7473142318e+00 1.1310405678e-01 1.1310376050e-01 -2.6195264295e-06
6.7624088712e+00 1.1265271286e-01 1.1265242183e-01 -2.5833727489e-06
6.7775035106e+00 1.1220136894e-01 1.1220108317e-01 -2.5469282029e-06
6.7925981500e+00 1.1175002502e-01 1.1174974451e-01 -2.5101892674e-06
6.8076927894e+00 1.1129868110e-01 1.1129840584e-01 -2.4731523609e-06
6.8227874288e+00 1.1084733718e-01 1.1084706718e-01 -2.4358138433e-06
6.8378820681e+00 1.1039599327e-01 1.1039572852e-01 -2.3981700157e-06
6.8529767075e+00 1.0994464935e-01 1.0994438986e-01 -2.3602171176e-06
6.8680713469e+00 1.0949330543e-01 1.0949305119e-01 -2.3219513271e-06
6.8831659863e+00 1.0904196151e-01 1.0904171253e-01 -2.2833687591e-06
6.8982606257e+00 1.0859061759e-01 1.0859037387e-01 -2.2444654632e-06
6.9133552651e+00 1.0813927368e-01 1.0813903520e-01 -2.2052374238e-06
6.9284499045e+00 1.0768792976e-01 1.0768769654e-01 -2.1656805578e-06
6.9435445439e+00 1.0723658584e-01 1.0723635788e-01 -2.1257907129e-06
6.9586391833e+00 1.0678524192e-01 1.0678501921e-01 -2.0855636673e-06
6.9737338227e+00 1.0633389800e-01 1.0633368055e-01 -2.0449951268e-06
6.9888284621e+00 1.0588255408e-01 1.0588234189e-01 -2.0040807246e-06
7.0039231015e+00 1.0543121017e-01 1.0543100322e-01 -1.9628160189e-06
7.0190177409e+00 1.0497986625e-01 1.0497966456e-01 -1.9211964911e-06
7.0341123803e+00 1.0452852233e-01 1.0452832590e-01 -1.8792175454e-06
7.0492070197e+00 1.0407717841e-01 1.0407698724e-01 -1.8368745056e-06
7.0643016591e+00 1.0362583449e-01 1.0362564857e-01 -1.7941626142e-06
7.0793962985e+00 1.0317449058e-01 1.0317430991e-01 -1.7510770308e-06
7.0944909379e+00 1.0272314666e-01 1.0272297125e-01 -1.7076128292e-06
7.1095855773e+00 1.0227180274e-01 1.0227163258e-01 -1.6637649969e-06
7.1246802167e+00 1.0182045882e-01 1.0182029392e-01 -1.6195284324e-06
7.1397748561e+00 1.0136911490e-01 1.0136895526e-01 -1.5748979429e-06
7.1548694955e+00 1.0091777098e-01 1.0091761659e-01 -1.5298682433e-06
7.1699641348e+00 1.0046642707e-01 1.0046627793e-01 -1.4844339532e-06
7.1850587742e+00 1.0001508315e-01 1.0001493927e-01 -1.4385895951e-06
7.2001534136e+00 9.9563739230e-02 9.9563600604e-02 -1.3923295924e-06
7.2152480530e+00 9.9112395311e-02 9.9112261941e-02 -1.3456482665e-06
7.2303426924e+00 9.8661051393e-02 9.8660923278e-02 -1.2985398354e-06
7.2454373318e+00 9.8209707475e-02 9.8209584615e-02 -1.2509984101e-06
7.2605319712e+00 9.7758363557e-02 9.7758245952e-02 -1.2030179937e-06
7.2756266106e+00 9.7307019639e-02 9.7306907289e-02 -1.1545924775e-06
7.2907212500e+00 9.6855675720e-02 9.6855568626e-02 -1.1057156388e-06
7.3058158894e+00 9.6404331802e-02 9.6404229963e-02 -1.0563811389e-06
7.3209105288e+00 9.5952987884e-02 9.5952891299e-02 -1.0065825197e-06
7.3360051682e+00 9.5501643966e-02 9.5501552636e-02 -9.5631320052e-07
7.3510998076e+00 9.5050300048e-02 9.5050213973e-02 -9.0556647618e-07
7.3661944470e+00 9.4598956129e-02 9.4598875310e-02 -8.5433551355e-07
7.3812890864e+00 9.4147612211e-02 9.4147536647e-02 -8.0261334802e-07
7.3963837258e+00 9.3696268293e-02 9.3696197984e-02 -7.5039288121e-07
7.4114783652e+00 9.3244924375e-02 9.3244859321e-02 -6.9766687733e-07
7.4265730046e+00 9.2793580457e-02 9.2793520658e-02 -6.4442795949e-07
7.4416676440e+00 9.2342236538e-02 9.2342181995e-02 -5.9066860659e-07
7.4567622834e+00 9.1890892620e-02 9.1890843332e-02 -5.3638114991e-07
7.4718569228e+00 9.1439548702e-02 9.1439504668e-02 -4.8155776978e-07
7.4869515621e+00 9.0988204784e-02 9.0988166005e-02 -4.2619049043e-07
7.5020462015e+00 9.0536860865e-02 9.0536827342e-02 -3.7027117771e-07
7.5171408409e+00 9.0085516947e-02 9.0085488679e-02 -3.1379153441e-07
7.5322354803e+00 8.9634173029e-02 8.9634150016e-02 -2.5674309576e-07
7.5473301197e+00 8.9182829111e-02 8.9182811353e-02 -1.9911722594e-07
7.5624247591e+00 8.8731485193e-02 8.8731472690e-02 -1.4090511388e-07
7.5775193985e+00 8.8280141274e-02 8.8280134027e-02 -8.2097767399e-08
7.5926140379e+00 8.7828797356e-02 8.7828795364e-02 -2.2686010085e-08
7.6077086773e+00 8.7377453438e-02 8.7377456701e-02 3.7339524064e-08
7.6228033167e+00 8.6926109520e-02 8.6926118038e-02 9.7988396053e-08
7.6378979561e+00 8.6474765602e-02 8.6474779374e-02 1.5927036586e-07
7.6529925955e+00 8.6023421683e-02 8.6023440711e-02 2.2119539893e-07
7.6680872349e+00 8.5572077765e-02 8.5572102048e-02 2.8377367032e-07
7.6831818743e+00 8.5120733847e-02 8.5120763385e-02 3.4701557154e-07
7.6982765137e+00 8.4669389929e-02 8.4669424722e-02 4.1093171519e-07
7.7133711531e+00 8.4218046011e-02 8.4218086059e-02 4.7553294153e-07
7.7284657925e+00 8.3766702092e-02 8.3766747396e-02 5.4083032445e-07
7.7435604319e+00 8.3315358174e-02 8.3315408733e-02 6.0683517782e-07
7.7586550713e+00 8.2864014256e-02 8.2864070070e-02 6.7355906182e-07
7.7737497107e+00 8.2412670338e-02 8.2412731407e-02 7.4101379038e-07
7.7888443501e+00 8.1961326419e-02 8.1961392744e-02 8.0921143734e-07
7.8039389894e+00 8.1509982501e-02 8.1510054080e-02 8.7816434342e-07
7.8190336288e+00 8.1058638583e-02 8.1058715417e-02 9.4788512510e-07
7.8341282682e+00 8.0607294665e-02 8.0607376754e-02 1.0183866814e-06
7.8492229076e+00 8.0155950747e-02 8.0156038091e-02 1.0896822008e-06
7.8643175470e+00 7.9704606828e-02 7.9704699428e-02 1.1617851716e-06
7.8794121864e+00 7.9253262910e-02 7.9253360765e-02 1.2347093895e-06
7.8945068258e+00 7.8801918992e-02 7.8802022102e-02 1.3084689648e-06
7.9096014652e+00 7.8350575074e-02 7.8350683439e-02 1.3830783344e-06
7.9246961046e+00 7.7899231156e-02 7.7899344776e-02 1.4585522695e-06
7.9397907440e+00 7.7447887237e-02 7.7448006113e-02 1.5349058852e-06
7.9548853834e+00 7.6996543319e-02 7.6996667449e-02 1.6121546511e-06
7.9699800228e+00 7.6545199401e-02 7.6545328786e-02 1.6903144020e-06
7.9850746622e+00 7.6093855483e-02 7.6093990123e-02 1.7694013481e-06
8.0001693016e+00 7.5642511564e-02 7.5642651460e-02 1.8494320865e-06
8.0152639410e+00 7.5191167646e-02 7.5191312797e-02 1.9304236128e-06
8.0303585804e+00 7.4739823728e-02 7.4739974134e-02 2.0123933337e-06
8.0454532198e+00 7.4288479810e-02 7.4288635471e-02 2.0953590780e-06
8.0605478592e+00 7.3837135892e-02 7.3837296808e-02 2.1793391106e-06
8.0756424986e+00 7.3385791973e-02 7.3385958145e-02 2.2643521466e-06
8.0907371380e+00 7.2934448055e-02 7.2934619482e-02 2.3504173635e-06
8.1058317774e+00 7.2483104137e-02 7.2483280819e-02 2.4375544166e-06
8.1209264167e+00 7.2031760219e-02 7.2031942155e-02 2.5257834542e-06
8.1360210561e+00 7.1580416301e-02 7.1580603492e-02 2.6151251325e-06
8.1511156955e+00 7.1129072382e-02 7.1129264829e-02 2.7056006317e-06
8.1662103349e+00 7.0677728464e-02 7.0677926166e-02 2.7972316738e-06
8.1813049743e+00 7.0226384546e-02 7.0226587503e-02 2.8900405385e-06
8.1963996137e+00 6.9775040628e-02 6.9775248840e-02 2.9840500822e-06
8.2114942531e+00 6.9323696710e-02 6.9323910177e-02 3.0792837568e-06
8.2265888925e+00 6.8872352791e-02 6.8872571514e-02 3.1757656287e-06
8.2416835319e+00 6.8421008873e-02 6.8421232851e-02 3.2735203991e-06
8.2567781713e+00 6.7969664955e-02 6.7969894188e-02 3.3725734259e-06
8.2718728107e+00 6.7518321037e-02 6.7518555524e-02 3.4729507447e-06
8.2869674501e+00 6.7066977118e-02 6.7067216861e-02 3.5746790915e-06
8.3020620895e+00 6.6615633200e-02 6.6615878198e-02 3.6777859276e-06
8.3171567289e+00 6.6164289282e-02 6.6164539535e-02 3.7822994639e-06
8.3322513683e+00 6.5712945364e-02 6.5713200872e-02 3.8882486850e-06
8.3473460077e+00 6.5261601446e-02 6.5261862209e-02 3.9956633783e-06
8.3624406471e+00 6.4810257527e-02 6.4810523546e-02 4.1045741612e-06
8.3775352865e+00 6.4358913609e-02 6.4359184883e-02 4.2150125094e-06
8.3926299259e+00 6.3907569691e-02 6.3907846220e-02 4.3270107876e-06
8.4077245653e+00 6.3456225773e-02 6.3456507557e-02 4.4406022821e-06
