# # ell  Cl_lcdm  Cl_src  delta_rel
# # Relative difference: delta_rel = (Cl_src - Cl_lcdm) / Cl_lcdm
# # R7 ISW & low-ℓ TT diagnostics (SRC vs LCDM)
2.0000000000e+00 1.3813354783e-10 1.3822349086e-10 6.5113092664e-04
3.0000000000e+00 1.3060855385e-10 1.3065685120e-10 3.6978707884e-04
4.0000000000e+00 1.2354373196e-10 1.2357219141e-10 2.3035929261e-04
5.0000000000e+00 1.1826068193e-10 1.1827967348e-10 1.6059051064e-04
6.0000000000e+00 1.1464030591e-10 1.1465428745e-10 1.2196012379e-04
7.0000000000e+00 1.1228322011e-10 1.1229186765e-10 7.7015448895e-05
8.0000000000e+00 1.1090937651e-10 1.1091468766e-10 4.7887294720e-05
9.0000000000e+00 1.1027071119e-10 1.1027655417e-10 5.2987589696e-05
1.0000000000e+01 1.1013694028e-10 1.1014056213e-10 3.2884968394e-05
1.1000000000e+01 1.1044901772e-10 1.1045388258e-10 4.4046232375e-05
1.2000000000e+01 1.1105587756e-10 1.1105933139e-10 3.1099961352e-05
1.3000000000e+01 1.1190696601e-10 1.1190745411e-10 4.3616811125e-06
1.4000000000e+01 1.1295460169e-10 1.1295784589e-10 2.8721295560e-05
1.5000000000e+01 1.1418597518e-10 1.1419128977e-10 4.6543332417e-05
1.6000000000e+01 1.1552633715e-10 1.1552886615e-10 2.1891115587e-05
1.7000000000e+01 1.1700274736e-10 1.1700479256e-10 1.7479918602e-05
1.8000000000e+01 1.1855215305e-10 1.1855387899e-10 1.4558539475e-05
1.9000000000e+01 1.2018590709e-10 1.2018763935e-10 1.4413157432e-05
2.0000000000e+01 1.2189674739e-10 1.2190052521e-10 3.0991943434e-05
2.1000000000e+01 1.2368596992e-10 1.2369189375e-10 4.7894071605e-05
2.2000000000e+01 1.2552754595e-10 1.2553295654e-10 4.3102783209e-05
2.3000000000e+01 1.2742782799e-10 1.2743186292e-10 3.1664472852e-05
2.4000000000e+01 1.2938104453e-10 1.2938584256e-10 3.7084503511e-05
2.5000000000e+01 1.3138200021e-10 1.3138883416e-10 5.2015878042e-05
2.6000000000e+01 1.3341305660e-10 1.3342120500e-10 6.1076465136e-05
2.7000000000e+01 1.3548381241e-10 1.3549253364e-10 6.4370993439e-05
2.8000000000e+01 1.3759694869e-10 1.3760623468e-10 6.7486854092e-05
2.9000000000e+01 1.3974154622e-10 1.3975209076e-10 7.5457405367e-05
3.0000000000e+01 1.4192420087e-10 1.4193639144e-10 8.5894909571e-05
3.1000000000e+01 1.4414662096e-10 1.4416010819e-10 9.3566053163e-05
3.2000000000e+01 1.4640075040e-10 1.4641446933e-10 9.3708082526e-05
3.3000000000e+01 1.4868605860e-10 1.4869901579e-10 8.7144614781e-05
3.4000000000e+01 1.5099617816e-10 1.5100775939e-10 7.6698779670e-05
3.5000000000e+01 1.5331981978e-10 1.5332987497e-10 6.5583146488e-05
3.6000000000e+01 1.5566395311e-10 1.5567276848e-10 5.6630780756e-05
3.7000000000e+01 1.5803717850e-10 1.5804553413e-10 5.2871315341e-05
3.8000000000e+01 1.6044275554e-10 1.6045202044e-10 5.7745835696e-05
3.9000000000e+01 1.6287968488e-10 1.6289166869e-10 7.3574630926e-05
4.0000000000e+01 1.6534798182e-10 1.6536394247e-10 9.6527653524e-05
4.1000000000e+01 1.6784411036e-10 1.6786432784e-10 1.2045389532e-04
4.2000000000e+01 1.7035889213e-10 1.7038245367e-10 1.3830527603e-04
4.3000000000e+01 1.7288196889e-10 1.7290687923e-10 1.4408874482e-04
4.4000000000e+01 1.7541809239e-10 1.7544251169e-10 1.3920629091e-04
4.5000000000e+01 1.7797503170e-10 1.7799771514e-10 1.2745294878e-04
4.6000000000e+01 1.8055882783e-10 1.8057926561e-10 1.1319178046e-04
4.7000000000e+01 1.8317358637e-10 1.8319215188e-10 1.0135469621e-04
4.8000000000e+01 1.8582146205e-10 1.8583933446e-10 9.6180541271e-05
4.9000000000e+01 1.8850309091e-10 1.8852140651e-10 9.7163384493e-05
5.0000000000e+01 1.9121692372e-10 1.9123649520e-10 1.0235227364e-04
5.1000000000e+01 1.9395885210e-10 1.9398009915e-10 1.0954411655e-04
5.2000000000e+01 1.9672201098e-10 1.9674488711e-10 1.1628656136e-04
5.3000000000e+01 1.9949944716e-10 1.9952347914e-10 1.2046137893e-04
5.4000000000e+01 2.0229338535e-10 2.0231809288e-10 1.2213710724e-04
5.5000000000e+01 2.0510800057e-10 2.0513302702e-10 1.2201595370e-04
5.6000000000e+01 2.0794668492e-10 2.0797182150e-10 1.2087996358e-04
5.7000000000e+01 2.1081197025e-10 2.1083718140e-10 1.1959069815e-04
5.8000000000e+01 2.1370545080e-10 2.1373090067e-10 1.1908852350e-04
5.9000000000e+01 2.1662809793e-10 2.1665412772e-10 1.2015888774e-04
6.0000000000e+01 2.1958146551e-10 2.1960840721e-10 1.2269571814e-04
6.1000000000e+01 2.2256662821e-10 2.2259474594e-10 1.2633398379e-04
6.2000000000e+01 2.2558375127e-10 2.2561322910e-10 1.3067353670e-04
6.3000000000e+01 2.2863202636e-10 2.2866295564e-10 1.3527971777e-04
6.4000000000e+01 2.3170960755e-10 2.3174197368e-10 1.3968402580e-04
6.5000000000e+01 2.3481452549e-10 2.3484821598e-10 1.4347702864e-04
6.6000000000e+01 2.3794779909e-10 2.3798268183e-10 1.4659828934e-04
6.7000000000e+01 2.4111087025e-10 2.4114681553e-10 1.4908193879e-04
6.8000000000e+01 2.4430464770e-10 2.4434152978e-10 1.5096759537e-04
6.9000000000e+01 2.4752947027e-10 2.4756716909e-10 1.5230034573e-04
7.0000000000e+01 2.5078507022e-10 2.5082347311e-10 1.5313069102e-04
7.1000000000e+01 2.5407053650e-10 2.5410954000e-10 1.5351447137e-04
7.2000000000e+01 2.5738489957e-10 2.5742441290e-10 1.5351844326e-04
7.3000000000e+01 2.6072909739e-10 2.6076905096e-10 1.5323785952e-04
7.4000000000e+01 2.6410432223e-10 2.6414467222e-10 1.5278050529e-04
7.5000000000e+01 2.6751141043e-10 2.6755214200e-10 1.5226106630e-04
7.6000000000e+01 2.7095081986e-10 2.7099195047e-10 1.5180098854e-04
7.7000000000e+01 2.7442260747e-10 2.7446419026e-10 1.5152832919e-04
7.8000000000e+01 2.7792640667e-10 2.7796853409e-10 1.5157760720e-04
7.9000000000e+01 2.8146140490e-10 2.8150421227e-10 1.5208965903e-04
8.0000000000e+01 2.8502678717e-10 2.8507044535e-10 1.5317218544e-04
8.1000000000e+01 2.8862320514e-10 2.8866787761e-10 1.5477780720e-04
8.2000000000e+01 2.9225152326e-10 2.9229735276e-10 1.5681525006e-04
8.3000000000e+01 2.9591236164e-10 2.9595946728e-10 1.5918779952e-04
8.4000000000e+01 2.9960608217e-10 2.9965455647e-10 1.6179342305e-04
8.5000000000e+01 3.0333277464e-10 3.0338268044e-10 1.6452489995e-04
8.6000000000e+01 3.0709224283e-10 3.0714361013e-10 1.6726995618e-04
8.7000000000e+01 3.1088399062e-10 3.1093681336e-10 1.6991139715e-04
8.8000000000e+01 3.1470720815e-10 3.1476144078e-10 1.7232724099e-04
8.9000000000e+01 3.1856108232e-10 3.1861664485e-10 1.7441720218e-04
9.0000000000e+01 3.2244581462e-10 3.2250262442e-10 1.7618402201e-04
9.1000000000e+01 3.2636173815e-10 3.2641971898e-10 1.7765814470e-04
9.2000000000e+01 3.3030899849e-10 3.3036808147e-10 1.7887186323e-04
9.3000000000e+01 3.3428754461e-10 3.3434766933e-10 1.7985928094e-04
9.4000000000e+01 3.3829711994e-10 3.3835823544e-10 1.8065627698e-04
9.5000000000e+01 3.4233725324e-10 3.4239931914e-10 1.8130046763e-04
9.6000000000e+01 3.4640724965e-10 3.4647023728e-10 1.8183116596e-04
9.7000000000e+01 3.5050618162e-10 3.5057007516e-10 1.8228934481e-04
9.8000000000e+01 3.5463287990e-10 3.5469767757e-10 1.8271759888e-04
9.9000000000e+01 3.5878622344e-10 3.5885193591e-10 1.8315215805e-04
1.0000000000e+02 3.6296607536e-10 3.6303271537e-10 1.8359846064e-04
